127,49,345,51,345,92,127,90,TAN CHAY YEE
58,89,413,89,413,127,58,127,S.H.H. MOTOR ( SUNGAI RENGIT SDN. BHD.
152,123,268,120,269,144,152,147,(801580-T)
75,146,396,146,396,169,75,169,NO. 343, JALAN KURAU, SUNGAI RENGIT,
129,169,335,169,335,189,129,189,81620 PENGERANG, JOHOR.
93,189,372,189,372,212,93,212,TEL: 07-8263254 FAX: 07-8266888
198,231,268,231,268,256,198,256,INVOICE
13,298,107,298,107,323,13,323,ITEM/DESC.
251,297,442,299,442,323,251,321,QTY U.PRICE RM(TOTAL)
12,342,57,342,57,365,12,365,4132
268,341,357,341,357,366,268,366,1 20.00
391,341,445,341,445,367,391,367,20.00
23,364,187,364,187,385,23,385,CROCS 300X17 TUBES
391,405,444,405,444,428,391,428,20.00
261,406,362,406,362,427,261,427,SUB TOTAL :
173,428,360,428,360,449,173,449,ROUNDING ADJUSTMENT :
397,426,445,426,445,452,397,452,0.00
244,450,362,450,362,471,244,471,GRAND TOTAL :
392,450,443,450,443,472,392,472,20.00
302,470,364,470,364,495,302,495,CASH :
392,471,443,471,443,494,392,494,20.00
286,493,362,493,362,515,286,515,CHANGE :
398,491,445,491,445,517,398,517,0.00
14,535,354,535,354,558,14,558,23-01-2019 13:14:15 PM, PRINT BY: R0OT
14,557,346,557,346,580,14,580,TOKEN NO: O, STATION D: A1, PID: POS
16,580,168,580,168,601,16,601,INVOICE NO: 22497
14,621,186,621,186,645,14,645,THANKS YOUR SUPPORT
298,618,391,626,386,672,293,663,2.00
