62,149,464,149,464,173,62,173,DION REALTIES SDN BHD (CO. NO:20154-T)
64,181,443,181,443,208,64,208,(GST REGISTRATIAN NO : 000850247680)
62,214,358,214,358,241,62,241,HENARA DION #02-03, LEVEL 2,
61,250,316,250,316,277,61,277,27, JALAN SULTAN ISMAIL,
60,284,263,286,263,313,60,311,50250 KUALA LUMPUR.
61,320,287,320,287,347,61,347,TEL : T6 03 2026 6386
60,355,287,355,287,382,60,382,FAX : T6 03 2026 6387
60,428,244,428,244,455,60,455,>>>TAX INVDICE<<<
59,496,392,496,392,523,59,523,TAX INV0ICE NO. 3521/0602/00602
228,528,382,530,381,558,228,556,30/05/18 11:01
59,598,328,600,327,627,59,625,010100 PAY PARKING TICKET
365,598,447,598,447,627,365,627,5.00 RM
62,635,389,635,389,658,62,658,30/05/18 10:45 - 30/05/18 11:01
60,668,432,668,432,695,60,695,LENGTH OF STAY: 0 DY. 0 HR. 16 HIN.
112,705,413,705,413,732,112,732,02992887002011018150387040??
132,774,307,771,307,802,132,804,AMOUNT INCL. GST
363,773,446,773,446,804,363,804,5.00 RN
365,845,447,845,447,873,365,873,5.00 RM
133,846,286,846,286,873,133,873,ACCAPTAD TOTAL
132,876,204,876,204,905,132,905,GST 6%
365,876,446,876,446,904,365,904,0.28 RM
64,949,484,949,484,963,64,963,XXXXXXXXXXXXXXXXXXXXXXXXXXXXXXXXXXX
217,974,320,977,319,1009,216,1006,THANK YOU
57,979,88,979,88,1004,57,1004,**
461,979,491,979,491,1004,461,1004,**
63,1019,485,1019,485,1033,63,1033,X
