2704,608,2731,614,2726,636,2699,630,1
3522,756,3534,756,3534,765,3522,765,1
261,828,285,828,285,849,261,849,7
806,1342,846,1355,841,1370,801,1356,*•-
2939,1451,3368,1508,3345,1681,2916,1625,A04015
574,1647,594,1647,594,1663,574,1663,-
1832,1716,3171,1701,3171,1777,1833,1791,UNIHAKKA INTERNATIONAL SDN BHD
2256,1791,2746,1785,2747,1857,2257,1863,03 APR 2018 18:33
2346,1872,2661,1868,2662,1948,2347,1953,(867388-U)
1929,1961,3079,1945,3080,2017,1930,2033,12, JALAN TAMPOI 7/4,KAWASAN PERINDUSTRIAN
2063,2042,2936,2031,2937,2103,2064,2114,TAMPOI, 81200 JOHOR BAHRU, JOHOR
2308,2121,2693,2115,2694,2182,2309,2188,TAX INVOICE
1776,2205,2598,2194,2599,2259,1776,2270,INVOICE # : OR18040302160397
3088,2299,3247,2299,3247,2378,3088,2378,TOTAL
2233,2309,2355,2314,2351,2402,2229,2397,QTY
1769,2317,1901,2317,1901,2392,1769,2392,ITEM
1769,2412,2725,2405,2726,2482,1769,2489,SR I00100000035- 1 MEAT + 3 VEGE
3074,2484,3243,2484,3243,2570,3074,2570,$7.10
1769,2499,1938,2499,1938,2578,1769,2578,$7.10
2236,2511,2283,2507,2288,2567,2242,2571,1
1144,2555,1173,2570,1154,2609,1124,2594,:
2704,2642,3236,2634,3237,2704,2705,2712,TOTAL AMOUNT: $7.10
2769,2721,3244,2715,3245,2792,2770,2798,GST @6%: $0.40
2801,2805,3239,2797,3240,2869,2802,2877,NETT TOTAL: $7.10
3023,2920,3242,2920,3242,2991,3023,2991,AMOUNT
1772,2931,2176,2931,2176,3003,1772,3003,PAYMENT MODE
4519,2964,4536,2964,4536,2978,4519,2978,~
3074,3010,3243,3010,3243,3089,3074,3089,$7.10
1772,3024,1959,3024,1959,3094,1772,3094,CASH
3076,3091,3242,3091,3242,3169,3076,3169,$0.00
1770,3102,1998,3107,1997,3187,1768,3183,CHANGE
3079,3293,3246,3298,3244,3375,3077,3371,TAX($)
2526,3305,2764,3305,2764,3373,2526,3373,AMOUNT($)
1775,3311,2118,3315,2117,3377,1774,3373,GST SUMMARY
4647,3366,4665,3366,4665,3380,4647,3380,*
2652,3402,2766,3397,2768,3458,2655,3463,6.70
3131,3397,3242,3397,3242,3459,3131,3459,0 40
1774,3408,2128,3408,2128,3468,1774,3468,SR = GST @6%
2151,3524,2852,3518,2852,3583,2151,3589,GST REG #000656195584
2029,3610,2975,3601,2976,3671,2030,3680,BAR WANG RICE@PERMAS JAYA
2184,3691,2818,3685,2819,3759,2185,3764,(PRICE INCLUSIVE OF GST)
2151,3771,2850,3766,2851,3838,2151,3843,THANK YOU & COME AGAIN!
2072,3857,2928,3852,2928,3917,2072,3922,LIKE AND FOLLOW US ON FACEBOOK!
2117,3938,2882,3934,2882,4004,2118,4008,FACEBOOK.COM/BARWANGRICE
3841,4199,3885,4199,3885,4236,3841,4236,5
3604,4774,3700,4774,3700,4859,3604,4859,4.
2768,4904,2776,4904,2776,4916,2768,4916,"
3566,5008,3580,5008,3580,5023,3566,5023,$
1342,5039,1353,5039,1353,5055,1342,5055,1
2954,5080,2965,5080,2965,5088,2954,5088,:
4811,5206,4829,5206,4829,5220,4811,5220,*
4179,5237,4191,5237,4191,5246,4179,5246,*
2063,5322,2086,5322,2086,5336,2063,5336,~
389,5530,409,5530,409,5546,389,5546,4
3886,5569,3906,5569,3906,5583,3886,5583,*
3742,5743,3758,5743,3758,5760,3742,5760,,
3712,5888,3728,5888,3728,5902,3712,5902,-
3882,5945,3926,5938,3930,5959,3885,5966,~:
4596,5951,4605,5951,4605,5962,4596,5962,“
311,6088,333,6101,319,6126,296,6113,1
4834,6153,4850,6153,4850,6174,4834,6174,4
3509,6169,3525,6169,3525,6183,3509,6183,L
389,6228,418,6228,418,6250,389,6250,:
1433,6467,1449,6471,1444,6491,1427,6486,:
3092,6513,3108,6513,3108,6527,3092,6527,*
