2707,481,3065,491,3061,652,2703,643,A04110
1087,519,1101,519,1101,537,1087,537,.
2244,712,2661,705,2662,759,2245,767,TAX INVOICE
2202,793,2721,787,2722,844,2203,849,DOMINO'S PIZZA
1961,902,2961,889,2962,954,1961,967,GST REF NO : 001694261248
1827,1002,3067,991,3067,1051,1827,1061,DOMINO'S PIZZA TAMAN UNIVERSITI
1735,1096,3174,1084,3175,1149,1736,1161,30, JLN KEBUDAYAAN 7, TMN UNIVERSITI
2075,1189,2840,1186,2840,1247,2075,1251,81300 SKUDAI, JOHOR
797,1352,847,1373,840,1389,790,1369,. •.
2595,1521,3095,1517,3096,1601,2595,1605,PAY BY: CASH
1707,1537,2237,1531,2238,1591,1708,1596,CARRY OUT NOW
2810,1763,3017,1759,3018,1829,2811,1833,: 5586
2137,1772,2349,1768,2351,1833,2138,1837,: 8554
2599,1768,2699,1768,2699,1842,2599,1842,BY
1704,1777,1908,1777,1908,1838,1704,1838,ORDER
1702,1875,2505,1864,2505,1924,1702,1935,ORDER TIME : 13:14:55
2595,1865,2775,1865,2775,1928,2595,1928,DATE
2806,1861,3170,1855,3171,1922,2807,1928,:28/04/18
1702,2019,2265,2013,2266,2073,1702,2079,NAME: MRS YUEN
1707,2114,2548,2101,2550,2171,1708,2184,PICKUP TIME: 13:29:55
3014,2273,3222,2273,3222,2329,3014,2329,PRICE
1700,2284,1834,2284,1834,2357,1700,2357,QTY
1846,2280,2028,2280,2028,2349,1846,2349,MENU
2153,2284,2333,2284,2333,2340,2153,2340,DESC
2401,2280,2650,2280,2650,2342,2401,2342,COUPON
2741,2277,2914,2277,2914,2335,2741,2335,DISC
2111,2414,2266,2414,2266,2485,2111,2485,(KB)
2399,2415,2713,2412,2713,2473,2400,2477,LSF1-PSI
2997,2408,3201,2408,3201,2471,2997,2471,15.60
1726,2421,1778,2421,1778,2482,1726,2482,1
1850,2419,2028,2419,2028,2482,1850,2482,6UHT
2991,2528,3198,2524,3200,2587,2992,2591,15.60
2105,2533,2259,2533,2259,2605,2105,2605,(KB)
1730,2540,1774,2540,1774,2598,1730,2598,1
1853,2536,2028,2536,2028,2601,1853,2601,6UHT
2399,2535,2711,2535,2711,2594,2399,2594,LSF1-PSI
1134,2572,1161,2582,1144,2624,1117,2613,** S.
2991,2645,3197,2641,3198,2703,2992,2707,14.50
2396,2652,2707,2648,2708,2708,2396,2712,AOA1-ADI
1728,2656,1772,2656,1772,2715,1728,2715,1
1857,2657,2022,2657,2022,2715,1857,2715,CWAH
2730,2824,2947,2820,2948,2881,2731,2886,14.80
2981,2824,3185,2824,3185,2880,2981,2880,45.70
1689,2947,2132,2947,2132,3006,1689,3006,TOTAL ITEMS
4505,2989,4524,2989,4524,3005,4505,3005,-W
2829,3052,3037,3052,3037,3120,2829,3120,45.70
1689,3061,2047,3061,2047,3122,1689,3122,SUB-TOTAL
1682,3177,2286,3171,2287,3243,1683,3249,COUPON DISCOUNT
2829,3171,3034,3171,3034,3234,2829,3234,14.80
1680,3293,2122,3287,2123,3353,1681,3359,GRAND TOTAL
2824,3287,3032,3287,3032,3350,2824,3350,30.90
4202,3376,4214,3376,4214,3385,4202,3385,F
4632,3394,4642,3394,4642,3403,4632,3403,+
2787,3401,3030,3401,3030,3468,2787,3468,101.00
1679,3408,1968,3408,1968,3482,1679,3482,PAYMENT
2822,3519,3028,3519,3028,3582,2822,3582,70.10
1681,3526,2082,3526,2082,3592,1681,3592,CHANGE DUE
2546,3555,2563,3555,2563,3573,2546,3573,#
2859,3634,3027,3634,3027,3699,2859,3699,1.75
1675,3638,2324,3638,2324,3703,1675,3703,*6% GST INCLUDED
2542,3654,2563,3654,2563,3687,2542,3687,• •
1825,3822,3014,3824,3014,3889,1825,3887,SUPPORT OUR SMILE CAMPAIGN : )
2019,3943,2821,3947,2820,4013,2019,4010,DID WE SMILE AT YOU?
2137,4048,2700,4043,2701,4102,2137,4108,LET US KNOW AT
1901,4143,2926,4136,2926,4201,1901,4208,WWW.DOMINOS.COM.MY/SMILE AND
3828,4229,3860,4229,3860,4259,3828,4259,Π
1714,4238,3150,4236,3150,4301,1714,4303,RECEIVE A 30% OFF SIDE ITEM E-COUPON
1977,4339,2854,4334,2854,4395,1977,4401,UPON SURVEY SUBMISSION
1857,4434,2970,4427,2970,4492,1857,4499,SURVEY CODE: CBD280740855414
1725,4573,2988,4571,2988,4643,1725,4645,THANK YOU FOR VISITING DOMINO'S.
2000,4673,2708,4673,2708,4732,2000,4732,PLEASE COME AGAIN!
1859,4781,2857,4778,2858,4839,1859,4843,1 - 300 - 888 - 3 3 3
1996,4872,2717,4878,2716,4938,1996,4932,WWW.DOMINOS.COM.MY
1672,5034,3021,5025,3022,5097,1672,5106,WE ARE COMPLIANT TO THE PDPA 2010.
3543,5027,3560,5027,3560,5045,3543,5045,$
1320,5055,1334,5055,1334,5071,1320,5071,*
1753,5129,2947,5127,2947,5187,1753,5188,VISIT WWW.DOMINOS.COM.MY/TERMS
1852,5215,2850,5213,2850,5273,1852,5274,TO VIEW OUR PERSONAL DATA
1987,5286,2699,5290,2699,5355,1987,5351,PROTECTION POLICY.
2185,5412,2513,5418,2511,5487,2184,5481,OWNED BY
1785,5504,2910,5502,2910,5567,1785,5569,DOMMAL FOOD SERVICES SDN BHD
366,5543,388,5543,388,5558,366,5558,-
2024,5595,2667,5593,2667,5653,2024,5655,CO. NO. 419060-A
3083,5594,3134,5594,3134,5655,3083,5655,1
3862,5592,3881,5592,3881,5608,3862,5608,"S
3691,5913,3700,5913,3700,5923,3691,5923,4
3858,5965,3907,5965,3907,5992,3858,5992,*5
4563,5972,4586,5972,4586,6006,4563,6006,:
282,6102,307,6110,298,6138,273,6130,I
4806,6181,4824,6181,4824,6200,4806,6200,:
368,6246,389,6246,389,6262,368,6262,7
1406,6486,1423,6486,1423,6502,1406,6502,,
3901,6709,3927,6705,3929,6721,3904,6725,OT
2121,6818,2132,6818,2132,6827,2121,6827,0
