2682,653,2699,637,2714,652,2697,668,-
3644,667,3654,660,3663,671,3653,679,.
3504,782,3515,782,3515,791,3504,791,-
4288,1196,4311,1196,4311,1209,4288,1209,.
784,1368,814,1379,807,1398,777,1387,•*•
4441,1421,4468,1421,4468,1435,4441,1435,"
2920,1464,3322,1473,3318,1638,2916,1628,A04034
2257,1736,2876,1706,2880,1778,2261,1808,HASHA PETROKIOSK
2261,1809,3148,1765,3151,1835,2264,1880,COMPANY NO: J0632980-V
2263,1876,3301,1830,3304,1902,2266,1948,LOT PTD 198718 TMN SIERRA P
2266,1948,2921,1920,2924,1990,2269,2018,81750 MASAI JOHOR
2268,2018,2620,1998,2624,2072,2272,2092,SITE:2591
1416,2007,1432,2007,1432,2022,1416,2022,5
2272,2090,3042,2053,3045,2125,2275,2162,TELEPHONE: 073000190
2273,2160,3044,2125,3047,2197,2277,2232,GST NO: 000908345344
2275,2301,3163,2260,3167,2335,2279,2376,>>>>>>> RECELPT <CC<C<
2278,2374,3322,2323,3326,2400,2282,2452,INVOICE NUMBER: 60000437782
2435,2504,3248,2469,3251,2548,2439,2583,22.73 LITRE PUMP # 02
3047,2552,3325,2537,3329,2611,3051,2626,50.00 C
2859,2563,2951,2563,2951,2627,2859,2627,RM
2288,2588,2738,2569,2740,2636,2290,2655,FUELSAVE 95
1115,2596,1147,2596,1147,2635,1115,2635,$^^}$
2855,2635,3139,2623,3142,2690,2858,2702,/ LITRE
2439,2648,2805,2630,2809,2709,2443,2727,2.200 RM
3050,2692,3256,2681,3260,2756,3054,2767,50.00
2863,2699,2956,2699,2956,2773,2863,2773,RM
2295,2728,2489,2720,2492,2790,2298,2799,TOTAL
3054,2762,3259,2753,3262,2828,3057,2837,50.00
2863,2770,2956,2765,2961,2841,2867,2846,RM
2291,2799,2460,2789,2464,2867,2295,2876,CASH
3092,2832,3262,2823,3266,2898,3096,2908,0.00
2782,2844,2959,2836,2963,2915,2786,2923,C RM
2296,2871,2689,2851,2693,2923,2300,2943,RELIEF GST
3059,2906,3263,2895,3267,2970,3063,2981,50.00
2851,2916,2959,2911,2962,2983,2855,2988,RM
2303,2942,2732,2923,2735,2995,2307,3014,TOTAL GROSS
4505,2989,4526,2989,4526,3003,4505,3003,7
2457,3076,3188,3042,3191,3112,2460,3146,2018-04-06 17:36:35
2575,3140,3074,3125,3077,3199,2577,3214,CUSTOMER COPY
3033,3192,3345,3175,3349,3251,3037,3267,84259112
2312,3223,2762,3204,2765,3277,2315,3297,TERMINAL ID:
2846,3270,3347,3249,3350,3321,2849,3342,274961/000000
2312,3293,2610,3281,2614,3354,2315,3367,ID/STAN:
3147,3324,3350,3314,3354,3393,3151,3403,MSR/1
2312,3365,2732,3347,2735,3426,2315,3444,ENTRY MODE:
2661,3423,3354,3391,3357,3463,2664,3495,ATTENDANT TAG CARD
4637,3390,4653,3390,4653,3405,4637,3405,•
2314,3437,2507,3430,2509,3507,2317,3514,CARD:
2851,3479,3357,3456,3361,3535,2855,3558,XXXXXXXXX0053
2892,3555,3357,3531,3361,3605,2895,3628,000 APPROVED
2319,3583,2686,3569,2689,3640,2322,3654,RESPONSE:-
2328,3654,3358,3606,3360,3646,2330,3695,**********
2324,3795,2703,3775,2707,3847,2328,3867,ATTENDANT:
2323,3860,2571,3849,2575,3930,2326,3940,MRIFAN
2669,3985,3265,3950,3270,4040,2674,4074,TIME NUM OPT
2330,4002,2501,3995,2504,4074,2333,4081,DATE
2335,4074,3223,4033,3227,4109,2338,4149,06/04/18 17:36 41766 02
3830,4230,3862,4224,3868,4256,3837,4262,47
2344,4288,3149,4251,3153,4323,2347,4360,DIESEL & PETROL RONG5
2346,4361,3342,4317,3345,4389,2349,4433,GIVEN RELIEF UNDER SECTION
2349,4431,3230,4393,3234,4467,2352,4505,56 (3) (B) GST ACT 2014
2351,4566,2712,4558,2714,4639,2353,4647,THANK YOU
2349,4642,3011,4619,3013,4698,2352,4721,PLEASE COME AGAIN
3550,5032,3567,5032,3567,5050,3550,5050,4
2487,5273,2507,5281,2501,5297,2480,5289,1
3736,5761,3751,5776,3737,5789,3723,5774,**
3703,5911,3719,5911,3719,5927,3703,5927,•
287,6125,305,6125,305,6144,287,6144,I
375,6258,393,6258,393,6274,375,6274,*
3912,6696,3952,6690,3956,6719,3915,6724,V
