1794,405,2826,414,2825,491,1793,482,VERBENA CONFECTIUNERY SDN BHD
2110,491,2474,495,2473,586,2108,582,(774288-V)
1794,584,2778,593,2778,677,1793,668,1, JALAN SUTERA TANJUNG 8/4,
1685,673,2916,681,2915,763,1684,756,TMN SUTERA UTAMA, 81300 SKUDAI, JB.
1968,761,2613,769,2612,846,1968,838,TEL : 607-556 1878
1896,852,2644,856,2644,933,1895,930,GST NO : 001837056000
4022,970,4034,970,4034,982,4022,982,T
1648,1028,2223,1032,2223,1117,1647,1114,12/05/2018 15:16
2488,1031,2986,1035,2986,1112,2487,1108,B656954
1638,1116,1769,1116,1769,1209,1638,1209,QTY
1890,1121,2325,1121,2325,1205,1890,1205,DESCRIPTIONS
2769,1124,2995,1124,2995,1205,2769,1205,AMOUNT
1888,1291,2571,1300,2570,1384,1886,1375,8" PANDAN KAYA CAKE
2799,1293,3067,1293,3067,1380,2799,1380,55.00 1
1640,1298,1691,1298,1691,1368,1640,1368,1
3786,1340,3795,1340,3795,1351,3786,1351,*
815,1383,849,1392,845,1408,810,1399,.•.
1887,1384,2255,1388,2254,1468,1887,1464,HOTDOG BUN
2829,1384,3069,1380,3071,1469,2831,1474,5.60 T
1640,1386,1689,1386,1689,1459,1640,1459,2
1886,1471,2183,1475,2182,1556,1885,1552,OTA BOAT
1637,1477,1689,1477,1689,1544,1637,1544,1
2831,1477,3030,1477,3030,1561,2831,1561,3.50
1638,1565,1689,1565,1689,1638,1638,1638,2
1885,1563,2565,1566,2565,1644,1885,1640,SPICY CHICKEN FLOSS
2829,1567,3064,1562,3066,1645,2830,1649,5.80 T
1633,1649,1693,1649,1693,1726,1633,1726,1
1882,1652,2287,1652,2287,1736,1882,1736,DIRTY BREAD
2831,1654,3065,1654,3065,1736,2831,1736,5.80 T
1882,1824,2240,1830,2238,1911,1881,1904,TOTAL
2622,1824,2981,1830,2980,1916,2621,1910,75.70
1630,1828,1688,1828,1688,1903,1630,1903,7
1876,1911,2043,1916,2040,2002,1874,1997,CASH
2761,1917,2988,1917,2988,2005,2761,2005,100.00
1877,2003,2308,2007,2307,2091,1876,2087,CHANGE
2620,2014,2977,2014,2977,2093,2620,2093,24.30
1875,2180,2697,2187,2697,2270,1874,2262,PRICES INCLUSIVE 6% GST
1983,2359,2668,2370,2666,2453,1982,2441,THANK YOU.
1694,2447,2942,2459,2941,2544,1693,2531,PLEASE COME AGAIN.
1150,2597,1172,2607,1155,2644,1133,2634,")
1620,2711,2025,2721,2023,2805,1618,2795,GST SUMMARY
2392,2719,2625,2719,2625,2806,2392,2806,AMOUNT
2846,2716,2984,2721,2980,2813,2842,2807,TAX
1616,2799,1921,2803,1919,2891,1615,2887,T:6% GST
2426,2802,2629,2807,2627,2896,2424,2892,71.42
2812,2807,2980,2812,2977,2900,2809,2895,4.28
1616,2890,2058,2896,2057,2982,1615,2976,Z:ZERO RATED
2460,2893,2627,2898,2625,2988,2457,2983,0.00
2808,2897,2976,2902,2974,2989,2806,2985,0.00
4524,2996,4552,2996,4552,3019,4524,3019,*
1618,3068,2861,3077,2861,3161,1617,3152,1. GOODS SOLD ARE NOT REFUNDABLE OR
1721,3166,2183,3166,2183,3245,1721,3245,EXCHANGEABLE.
1610,3250,2755,3256,2755,3338,1610,3332,2. OUR PRODUCTS CONTAIN NO ADDED
1714,3343,2963,3347,2963,3434,1714,3431,PRESERVATIVES, PLEASE KEEP IN FRIDG
4225,3383,4239,3383,4239,3399,4225,3399,,
1607,3603,2118,3606,2117,3691,1606,3687,TIME: 15:16:11
1604,3690,1875,3694,1873,3784,1603,3779,CSH:109
2100,3697,2881,3703,2880,3782,2100,3776,POS : T002 SHF :201805121
1677,4238,1698,4238,1698,4271,1677,4271,0204
3849,4247,3884,4237,3892,4267,3857,4277,$
2953,4890,2965,4890,2965,4899,2953,4899,.
3567,5050,3583,5050,3583,5067,3567,5067,4
2293,5217,2314,5212,2318,5226,2296,5232,6
4189,5273,4205,5273,4205,5287,4189,5287,,
2513,5286,2533,5306,2519,5320,2499,5300,"
3335,5313,3354,5313,3354,5327,3335,5327,-
3754,5786,3765,5786,3765,5795,3754,5795,-
3895,5983,3936,5983,3936,6002,3895,6002,* :
307,6135,329,6135,329,6160,307,6160,I
4850,6193,4864,6193,4864,6213,4850,6213,:
2785,6237,2796,6237,2796,6246,2785,6246,"
398,6272,418,6272,418,6288,398,6288,7
3940,6726,3965,6721,3968,6734,3943,6740,4
