3849,154,3876,154,3876,175,3849,175,12.
2695,638,2717,638,2717,654,2695,654,A
3654,668,3663,660,3670,667,3661,675,'
4008,958,4022,958,4022,973,4008,973,C.
790,1358,824,1366,819,1387,785,1379,…
4008,1375,4031,1375,4031,1391,4008,1391,4
4448,1421,4477,1421,4477,1435,4448,1435,"
2673,1514,2688,1514,2688,1529,2673,1529,$S
1494,1686,2829,1670,2830,1741,1495,1758,UNIHAKKA INTERNATIONAL SDN BHD
1915,1760,2406,1752,2407,1817,1916,1824,18 JUN 2018 18:29
2005,1838,2321,1834,2322,1913,2006,1917,(867388-U)
1587,1926,2739,1910,2740,1982,1588,1998,12, JALAN TAMPOI 7/4,KAWASAN PERINDUSTRIAN
1721,2009,2596,1998,2597,2069,1722,2081,TAMPOI, 81200 JOHOR BAHRU, JOHOR
1969,2087,2350,2085,2350,2147,1970,2149,TAX INVOICE
1434,2170,2256,2161,2257,2226,1435,2235,INVOICE # : 0R18061802170501
2750,2266,2907,2266,2907,2338,2750,2338,TOTAL
1431,2284,1559,2284,1559,2352,1431,2352,ITEM
1895,2275,2009,2283,2003,2364,1890,2356,QTY
1430,2377,2383,2369,2384,2447,1431,2454,SR 100100000035- 1 MEAT + 3 VEGE
2681,2459,2898,2459,2898,2529,2681,2529,RM6.69
1430,2474,1648,2469,1649,2538,1431,2542,RM6.69
1897,2477,1941,2477,1941,2531,1897,2531,1
1127,2580,1156,2593,1139,2633,1110,2620,$RA
1432,2589,2408,2585,2408,2659,1432,2663,SR 100100000170- IMPORTED VEGGIES
2681,2677,2898,2677,2898,2745,2681,2745,RM1.50
1434,2689,1647,2689,1647,2752,1434,2752,RM1.50
1899,2689,1941,2689,1941,2745,1899,2745,1
2306,2824,2895,2824,2895,2889,2306,2889,TOTAL AMOUNT: RM8.19
2371,2905,2898,2901,2898,2975,2372,2978,GST @0%: RM0.00
2408,2991,2896,2987,2896,3059,2409,3063,ROUNDING: RM0.01
4501,2989,4528,2989,4528,3010,4501,3010,*
3728,3047,3742,3047,3742,3064,3728,3064,-
2399,3073,2894,3069,2895,3134,2400,3138,NETT TOTAL: RM8.20
2678,3185,2900,3185,2900,3254,2678,3254,AMOUNT
1429,3191,1830,3191,1830,3264,1429,3264,PAYMENT MODE
1429,3283,1615,3283,1615,3354,1429,3354,CASH
2676,3282,2894,3278,2895,3346,2677,3351,RM8.20
1427,3360,1651,3367,1649,3451,1425,3444,CHANGE
2680,3366,2893,3366,2893,3429,2680,3429,RM0.00
2688,3558,2899,3563,2897,3645,2686,3641,TAX(RM)
1428,3566,1773,3571,1771,3638,1427,3632,GST SUMMARY
2133,3568,2414,3568,2414,3636,2133,3636,AMOUNT(RM)
2310,3661,2421,3661,2421,3720,2310,3720,8.19
2784,3661,2895,3661,2895,3720,2784,3720,0.00
1427,3666,1778,3666,1778,3725,1427,3725,SR = GST @0%
1801,3782,2502,3785,2501,3850,1800,3846,GST REG #000656195584
1681,3866,2625,3866,2625,3936,1681,3936,BAR WANG RICE@PERMAS JAYA
1799,3950,2496,3954,2496,4020,1799,4017,THANK YOU & COME AGAIN!
3393,4010,3404,4010,3404,4018,3393,4018,-
1721,4036,2572,4036,2572,4096,1721,4096,LIKE AND FOLLOW US ON FACEBOOK!
1765,4113,2528,4117,2528,4189,1765,4185,FACEBOOK.COM/BARWANGRICE
3828,4227,3863,4227,3863,4259,3828,4259,5
2810,4748,2822,4748,2822,4760,2810,4760,.
2923,4874,2939,4870,2943,4886,2927,4889,4
1320,5060,1335,5060,1335,5076,1320,5076,^
590,5136,608,5136,608,5151,590,5151,.
2464,5280,2494,5264,2512,5299,2483,5315,.
3309,5299,3328,5299,3328,5313,3309,5313,-
3152,5360,3173,5360,3173,5376,3152,5376,4
4441,5394,4454,5394,4454,5406,4441,5406,*
366,5544,386,5544,386,5560,366,5560,.
3869,5594,3885,5594,3885,5608,3869,5608,'*
3729,5759,3747,5778,3730,5794,3712,5776,*•
3696,5916,3707,5916,3707,5925,3696,5925,4
3863,5971,3907,5971,3907,5990,3863,5990,DT5
4811,6181,4834,6181,4834,6204,4811,6204,:
370,6248,389,6248,389,6264,370,6264,-
1415,6497,1427,6497,1427,6509,1415,6509,-'
3911,6711,3937,6711,3937,6728,3911,6728,2
