3846,165,3863,165,3863,182,3846,182,"
4008,968,4024,968,4024,979,4008,979,.
4776,1254,4792,1254,4792,1270,4776,1270,.
1865,1348,1884,1351,1877,1389,1857,1385,2
4010,1382,4031,1382,4031,1396,4010,1396,R
4448,1419,4474,1429,4468,1443,4442,1433,EVET
2580,1589,2974,1593,2973,1732,2579,1727,A06134
1532,1763,2948,1745,2949,1827,1533,1846,PASIR EMAS HARDWARE SDN BHD
2057,1847,2429,1843,2430,1924,2058,1928,(801222-M)
1797,1926,2689,1913,2690,1990,1798,2003,(GST ID NO : 000144596992)
1781,2002,2709,1991,2710,2062,1782,2073,NO 69,JALAN PENGKALAN 5,
1904,2073,2584,2066,2585,2138,1905,2145,TAMAN PASIR EMAS,
1966,2144,2526,2138,2527,2210,1967,2216,KG PASIR PUTIH,
1740,2221,2744,2210,2745,2282,1741,2293,81700 PASIR GUDANG,JOHOR.
1987,2293,2501,2285,2502,2352,1988,2359,TEL/FAX: 07-271 2406
3398,2350,3416,2350,3416,2368,3398,2368,1
1973,2423,2522,2415,2523,2513,1974,2521,TAX INVOICE
1508,2561,1711,2561,1711,2638,1508,2638,BILL NO
1830,2561,2238,2555,2239,2627,1831,2633,: POS/53796
1146,2598,1166,2608,1148,2645,1127,2635,"
1830,2637,2582,2625,2583,2697,1831,2709,: 23/06/18 12:46:33 PM
1506,2636,1667,2636,1667,2713,1506,2713,DATE
1508,2710,1760,2710,1760,2784,1508,2784,CASHIER
1829,2708,2003,2708,2003,2780,1829,2780,: ASH
1506,2784,1786,2780,1787,2860,1507,2865,PAYMENT
1826,2781,2051,2776,2053,2852,1828,2856,: CASH
2577,2892,2817,2892,2817,2968,2577,2968,AMOUNT
1505,2903,1652,2903,1652,2982,1505,2982,ITEM
1904,2901,2029,2901,2029,2987,1904,2987,QTY
2179,2896,2350,2896,2350,2973,2179,2973,PRICE
1508,3026,2575,3013,2576,3092,1509,3105,PLUG TOP 13A(BIASA-MK) @8.00
2628,3084,2990,3078,2992,3159,2629,3165,24.00 SRO
1969,3099,2020,3094,2025,3161,1974,3166,3
2196,3095,2343,3090,2346,3162,2199,3167,8.00
1506,3101,1803,3097,1804,3171,1507,3175,WAAN34
1510,3192,2517,3185,2518,3262,1510,3270,UMS 13A PLUG(SINGLE) @4.00
2637,3254,2991,3250,2992,3329,2638,3333,12.00 SRO
2199,3262,2348,3262,2348,3336,2199,3336,4.00
1509,3272,1798,3267,1799,3341,1511,3345,ST00014
1971,3266,2030,3266,2030,3338,1971,3338,3
2241,3386,2603,3380,2604,3453,2242,3459,GROSS AMT :
2803,3376,2991,3376,2991,3452,2803,3452,36.00
4211,3381,4227,3375,4231,3384,4215,3391,1
4646,3394,4658,3394,4658,3406,4646,3406,*
2840,3450,2991,3450,2991,3524,2840,3524,0.00
2257,3455,2600,3455,2600,3534,2257,3534,GST (6%) :
2006,3566,2446,3562,2447,3660,2007,3664,NET AMT :
2727,3555,2991,3555,2991,3657,2727,3657,36.00
2804,3694,2988,3690,2990,3767,2806,3772,36.00
2280,3697,2570,3697,2570,3771,2280,3771,RECEIVED
2838,3766,2993,3766,2993,3845,2838,3845,0.00
2327,3775,2607,3775,2607,3855,2327,3855,CHANGE :
2227,3894,2604,3894,2604,3978,2227,3978,ROUND ADJ. :
2840,3890,2995,3890,2995,3969,2840,3969,0.00
2532,4008,2813,4008,2813,4094,2532,4094,TAX(RM)
1513,4022,1963,4022,1963,4101,1513,4101,GST SUMMARY
2047,4017,2431,4017,2431,4096,2047,4096,AMOUNT(RM)
1508,4115,1861,4111,1862,4204,1509,4208,SRO @ 0%
2146,4110,2338,4110,2338,4192,2146,4192,36.00
2597,4108,2750,4108,2750,4187,2597,4187,0.00
3844,4231,3881,4231,3881,4264,3844,4264,63
2049,4240,2450,4236,2451,4309,2049,4313,THANK YOU
1897,4317,2605,4311,2606,4383,1898,4389,PLEASE COME AGAIN
2118,4397,2146,4397,2146,4422,2118,4422,C
1120,4966,1138,4966,1138,4980,1120,4980,"
2288,5208,2311,5208,2311,5222,2288,5222,•
4182,5264,4198,5264,4198,5278,4182,5278,-
2502,5287,2521,5287,2521,5304,2502,5304,1-
3328,5306,3347,5306,3347,5320,3328,5320,-
3175,5369,3192,5369,3192,5385,3175,5385,.
388,5568,412,5563,415,5577,391,5582,.
3892,5592,3913,5603,3906,5618,3884,5607,'
3745,5774,3761,5774,3761,5792,3745,5792,.
3717,5918,3733,5918,3733,5932,3717,5932,4
3886,5974,3932,5974,3932,5993,3886,5993,"
3813,6105,3839,6091,3851,6112,3825,6126,A
315,6129,331,6135,322,6157,306,6150,I
3520,6195,3530,6206,3522,6214,3511,6204,-
3726,6416,3742,6416,3742,6432,3726,6432,-
2183,6670,2200,6670,2200,6686,2183,6686,.
3934,6711,3967,6711,3967,6732,3934,6732,0
2569,6774,2584,6774,2584,6788,2569,6788,4
2151,6830,2169,6830,2169,6846,2151,6846,7
