197,167,642,169,641,210,197,208,NADEJE PLATINUM SDN BHD
42,211,796,213,796,258,42,256,GK101,GND FLR,ONE UTAMA SHOPPING CENTRE
177,257,659,259,658,303,176,301,NO.1,LEBUH BANDARR UTAMA,
141,304,713,304,713,345,141,345,47800 PETALING JAYA, SELANGOR.
270,346,584,346,584,388,270,388,TEL:03-7710 0302
234,393,603,393,603,434,234,434,GST ID:001151160320
41,569,431,569,431,610,41,610,BILL NO.: 000-049909
652,566,816,568,815,614,651,612,TAKE OUT
41,614,524,614,524,655,41,655,DATE: 2016/05/01 14:11:20
42,701,354,701,354,742,42,742,DOUBLECOCO SLICE
595,703,629,703,629,743,595,743,1
672,700,815,700,815,742,672,742,RM12.60
41,745,335,745,335,786,41,786,MOTHER'S SLICES
672,744,816,744,816,786,672,786,RM13.50
599,749,625,749,625,783,599,783,1
43,790,314,790,314,829,43,829,TIRAMISU SLICE
598,793,623,793,623,827,598,827,1
672,789,816,789,816,832,672,832,RM12.60
41,833,277,833,277,874,41,874,CHEESE SLICE
671,834,816,834,816,876,671,876,RM12.60
600,838,622,838,622,871,600,871,1
337,924,816,914,818,997,339,1007,GRAND TOTAL RM51.30
43,1032,716,1034,716,1081,43,1079,(BILL INCLUSIVE OF 6% GST : RM2.90)
480,1122,569,1122,569,1168,480,1168,CASH
673,1125,815,1125,815,1167,673,1167,RM51.30
45,1210,483,1213,483,1249,44,1245,002-2016/05/01 14:13:10 E1IN (1)
535,1212,725,1212,725,1247,535,1247,0C0-049909 [1]
