338,149,962,110,964,150,341,189,ASO ELECTRICAL TRADING SDN BHD
586,183,732,174,735,210,588,220,1000131-K
443,243,872,213,875,251,446,282,NO 31G, JALAN SEPADU C 25/C,
432,284,888,253,890,287,435,319,SECTION 25, TAMAN INDUSTRIES,
416,323,907,289,910,323,419,358,AXIS 40400 SHAH ALAM, SELANGOR.
349,374,1004,327,1007,364,352,411,TEL :03-51221701, 51313091 FAX : 03-51215716
533,412,853,390,855,425,536,448,GST NO : 000683900928
597,462,797,448,799,486,600,500,TAX INVOICE
334,540,433,531,436,567,337,576,BILL TO :
795,585,1011,567,1014,602,798,620,DATE: 04/12/2017
339,616,652,590,655,627,342,653,RECEIPT #: CS00093091
797,635,984,620,987,654,800,669,TIME: 11:29:00
343,653,511,640,514,678,346,691,SALESPERSON:
346,692,550,675,553,709,349,726,CASHIER: USER
933,706,1019,698,1023,739,937,747,(GST)
799,718,888,710,892,750,803,758,(GST)
909,741,1022,733,1025,768,912,776,AMOUNT
814,749,881,745,883,779,816,783,RSP
683,763,749,756,753,791,687,798,RSP
585,771,639,771,639,807,585,807,QTY
948,777,1028,771,1031,807,952,814,47.06
808,788,887,783,889,820,810,825,47.06
350,791,417,786,420,820,353,825,ITEM
680,801,759,795,762,831,683,837,44.40
605,811,626,811,626,840,605,840,1
358,829,459,821,462,856,361,864,102749
359,869,867,826,870,860,362,903,SR: FUJI CONTACTOR, SC-03, 240VAC
954,860,1033,854,1035,886,957,892,51.94
815,872,892,866,894,899,817,905,51.94
688,882,766,877,768,910,691,915,49.00
608,893,629,890,634,918,613,921,1
364,949,912,903,915,937,367,983,SR: ANLY FLOATLESS RELAY 240V, AFS-1
366,911,465,903,468,935,369,943,106766
963,936,1042,929,1045,962,966,970,99.00
441,980,572,970,575,1005,444,1015,TOT QTY:
610,969,636,966,641,997,615,1001,2
972,1001,1051,995,1054,1028,975,1034,93.40
544,1040,886,1009,889,1045,548,1077,(EXCLUDED GST) SUB TOTAL :
991,1046,1055,1041,1058,1076,994,1081,0.00
750,1068,890,1057,893,1092,753,1103,DISCOUNT :
995,1095,1058,1090,1061,1125,998,1130,5.60
739,1117,894,1106,897,1141,741,1152,TOTAL GST :
984,1146,1061,1141,1064,1180,987,1185,0.00
708,1171,900,1157,903,1197,711,1212,ROUNDING :
968,1193,1066,1184,1069,1224,972,1233,99.00
783,1209,909,1201,912,1240,786,1248,TOTAL :
955,1242,1069,1232,1073,1272,959,1282,100.00
778,1257,914,1248,917,1287,781,1296,CASH :
993,1284,1074,1277,1077,1318,997,1325,1.00
749,1306,918,1293,922,1338,753,1351,CHANGE :
407,1441,687,1417,691,1459,411,1483,GST SUMMARY
1013,1450,1087,1443,1091,1481,1017,1488,GST
779,1474,898,1464,901,1499,782,1509,ARNOUNT
650,1484,685,1479,690,1519,655,1523,%
1019,1487,1093,1481,1096,1520,1022,1525,5.63
429,1504,572,1490,576,1529,433,1543,TAX CODE
815,1508,901,1501,904,1538,817,1545,93.40
662,1521,691,1521,691,1558,662,1558,6
1023,1536,1094,1529,1098,1566,1027,1573,5.60
437,1542,490,1537,494,1575,440,1579,SR
818,1556,904,1549,907,1585,820,1592,93.40
595,1576,692,1568,695,1605,598,1613,TOTAL :
504,1646,1019,1599,1023,1636,507,1683,GOODS SOLD ARE NOT RETURNABLE,
678,1670,850,1655,853,1690,681,1705,THANK YOU.
