376,263,588,259,589,283,376,286,AEON CO. (M) BHD (126926-H)
370,284,598,281,599,304,370,307,3RD FLR, AEON TAMAN MALURT SC
385,306,574,304,574,325,385,327,JLN JEJAKA, TAMAN MALURI
377,328,583,326,583,347,377,349,CHERAS, 55100 KUALA LUMPUR
400,349,567,347,567,368,400,370,GST ID : 002017394688
431,371,543,369,543,391,431,393,SHOPPING HOURS
377,393,589,391,590,412,377,414,SUN-THU:1000 HRS - 2230 HRS
377,414,589,410,590,433,377,437,FRI-SAT:1030 HRS - 2300 HRS
560,453,621,453,621,478,560,478,75.005R
332,458,450,456,451,477,333,479,1X 000007996511
354,480,474,478,475,499,355,501,AMBROSIAL GREEK
307,521,382,519,382,543,308,545,SUB-TOTAL
577,519,621,519,621,541,577,541,75,00
308,544,466,540,467,563,308,568,TOTAL SALES INCL GST
576,541,621,541,621,563,576,563,75.00
309,565,496,562,496,585,309,589,TOTAL AFTER ADJ INCI GST
577,562,620,562,620,585,577,585,75.00
571,585,620,585,620,606,571,606,100.00
308,588,345,588,345,610,308,610,CASH
444,606,528,603,528,628,445,631,CHANGE ANT
576,605,620,605,620,628,576,628,25.00
309,610,406,607,406,629,309,631,ITEN COUNT 1
339,630,581,627,581,648,340,651,INVOICE NO: 2018030610100080498
310,653,397,653,397,674,310,674,GST SUMMARY
464,652,512,652,512,671,464,671,ANOUNT
589,648,622,648,622,672,589,672,TAX
307,675,368,673,369,695,308,697,GR 0 SX
469,672,513,672,513,694,469,694,70.75
584,672,619,672,619,692,584,692,4.25
470,693,513,693,513,715,470,715,70.75
583,691,620,691,620,714,583,714,4.25
308,695,352,695,352,718,308,718,TOTA!
309,716,435,716,435,740,309,740,06/03/2018 20:01
494,715,618,715,618,736,494,736,1010 008 0080498
310,738,473,738,473,759,310,759,0305582 PJ PIRYALATHA
414,780,544,777,544,801,414,803,AEON PERMAS JAYA
383,801,571,798,572,822,383,825,TEL 1-300-80-AEON (2366)
369,824,589,822,589,843,369,845,THANK YOU FOR YOUR PATRONAGE
405,845,545,842,545,866,405,869,PLEASE COME AGAIN
