3857,145,3881,154,3874,170,3851,161,"
2711,631,2727,631,2727,649,2711,649,A
4020,951,4033,951,4033,963,4020,963,T.
777,1282,787,1282,787,1291,777,1291,+
807,1361,859,1377,853,1396,801,1380,..
2154,1395,2744,1385,2745,1475,2156,1484,KEDAI RUNCIT ZBH
3641,1393,3652,1393,3652,1401,3641,1401,-
2020,1490,2828,1475,2830,1562,2022,1577,NO. 17, JALAN PERMAS 1/7,
2018,1579,2858,1564,2860,1654,2020,1669,BANDAR BARU PERMAS JAYA.
2228,1663,2631,1657,2632,1743,2229,1749,81750, MASAI
590,1666,601,1677,590,1687,580,1677,,
2138,1753,2768,1741,2770,1831,2140,1842,(GST :001019043840)
2062,1846,2835,1831,2837,1920,2064,1935,TAX INVOICE
2749,2025,2915,2020,2918,2116,2752,2121,6:31
1918,2044,2638,2029,2640,2123,1920,2139,#195360 01/06/2018
2755,2114,2992,2110,2994,2204,2757,2209,000000
1920,2139,2281,2129,2284,2216,1922,2227,01 CLERKO1
1958,2225,2636,2211,2638,2301,1960,2314,INVOICE NO : 052949
2268,2412,2645,2404,2647,2497,2271,2505,*BILL*
1132,2616,1155,2583,1177,2598,1154,2631,""
2691,2602,2997,2593,2999,2688,2694,2697,RM2.00 Z
1918,2616,2185,2609,2187,2704,1920,2711,2X 1.00
1918,2704,2183,2697,2185,2792,1920,2798,*RUNCIT
2688,2770,3003,2766,3004,2873,2689,2877,RM7.80 7
1923,2793,2185,2786,2187,2881,1926,2888,1X 7.80
1920,2881,2184,2874,2187,2974,1922,2981,*RUNCIT
2689,2956,2998,2948,3001,3048,2692,3056,RM8. 80 Z
1919,2974,2187,2965,2191,3065,1923,3074,4X 2.20
1921,3065,2184,3056,2187,3153,1924,3162,*RUNCIT
2683,3116,3011,3111,3013,3239,2684,3244,RM1. 80Z
1923,3154,2186,3148,2189,3242,1926,3249,1X 1.80
2993,3171,3018,3171,3018,3199,2993,3199,5
1923,3246,2185,3239,2187,3334,1926,3340,*RUNCIT
2688,3312,3002,3306,3004,3413,2690,3419,RN9. 00 Z
1923,3337,2188,3330,2191,3425,1925,3431,2X 4.50
4221,3359,4237,3359,4237,3376,4221,3376,,
1926,3426,2186,3418,2189,3512,1930,3521,*RUNCIT
2658,3498,3001,3494,3002,3592,2659,3596,RM14.00 Z
1925,3518,2225,3509,2228,3602,1927,3610,1 14.00
1925,3605,2190,3599,2192,3693,1927,3700,*RUNCIT
2656,3677,2929,3672,2930,3776,2658,3780,RM43. 40
1925,3696,2218,3690,2220,3785,1927,3791,SUBTOTAL
2520,3863,2787,3856,2789,3953,2523,3959,RM43. 40
1928,3879,2361,3869,2363,3960,1931,3970,ZERO TAX AMT
2554,3953,2789,3946,2791,4042,2557,4049,RMO. 00
1926,3962,2093,3962,2093,4059,1926,4059,0% Z
2520,4044,2787,4037,2789,4132,2523,4138,RM43. 40
1927,4056,2289,4050,2291,4141,1928,4147,Z ITEN ANT
2422,4231,2916,4220,2918,4305,2424,4317,RM43.40
3851,4220,3885,4220,3885,4250,3851,4250,*
1928,4236,2231,4230,2233,4323,1930,4329,TTL CASH
589,4823,599,4832,591,4840,581,4831,•
2951,4869,2968,4869,2968,4883,2951,4883,•
2775,4913,2792,4913,2792,4929,2775,4929,:
1348,5055,1369,5055,1369,5081,1348,5081,N
1022,5178,1031,5178,1031,5190,1022,5190,:
2296,5194,2317,5194,2317,5208,2296,5208,*
4184,5250,4200,5250,4200,5264,4184,5264,*
2509,5269,2533,5269,2533,5290,2509,5290,RM
3337,5292,3353,5292,3353,5306,3337,5306,*
3182,5351,3198,5351,3198,5369,3182,5369,-
398,5556,420,5548,426,5564,404,5572,..
3745,5764,3761,5756,3772,5778,3756,5785,:
3767,5788,3793,5788,3793,5809,3767,5809,—
3374,5924,3416,5908,3428,5938,3386,5955,O
3723,5907,3735,5907,3735,5916,3723,5916,A
3893,5960,3943,5960,3943,5983,3893,5983,4T .
4595,5964,4617,5964,4617,5993,4595,5993,:
319,6120,344,6120,344,6146,319,6146,I
1446,6497,1464,6497,1464,6513,1446,6513,.
2160,6816,2176,6816,2176,6832,2160,6832,5
