953,244,1439,261,1437,306,952,289,TED HENG STATIONERY & BOOKS
1131,293,1259,298,1258,322,1130,317,(001451637-M)
995,312,1394,327,1393,348,995,333,NO. 53, JALAN BESAR, 45SOO BATANG BERJUNTAI
1089,340,1296,349,1296,369,1088,360,SELANGOR DARUL EHSAN
1025,360,1358,373,1357,394,1025,381,TEL : 03-3271 9872 FAX: 03-3271 9481
1063,383,1321,393,1320,417,1062,407,GST NO. : 000689913856
994,439,1398,454,1397,485,993,470,SIMPLIFIED TAX INVOICE
925,502,1036,502,1036,545,925,545,CASH
912,569,1233,579,1232,610,911,600,RECEIPT NO. : CS1802/27714
1256,580,1335,584,1334,612,1255,608,DATE:
1336,583,1466,588,1465,616,1335,611,12/02/2018
940,636,1021,640,1020,672,939,668,ITEM
1071,643,1137,643,1137,678,1071,678,QTY
1155,641,1208,644,1206,680,1153,677,U/P
1353,640,1469,645,1468,673,1351,669,AMOUNT
1226,647,1321,649,1320,681,1225,679,DISC%
1379,664,1442,668,1440,703,1377,698,(RM)
898,701,1044,705,1043,732,897,728,9555067700208
1136,705,1204,709,1203,738,1135,734,10.57
1084,707,1112,707,1112,735,1084,735,10
1239,709,1297,711,1295,741,1237,739,0.00
1364,715,1460,718,1459,746,1363,743,105.66*
908,739,1191,748,1190,775,907,766,- IK YELLOW 7OGRAMS
894,792,1041,796,1040,823,893,819,9557583450025
1085,799,1102,799,1102,823,1085,823,1
1135,799,1201,801,1200,827,1134,825,17.45
1236,802,1293,804,1291,831,1235,829,0.00
1374,805,1460,810,1458,839,1372,834,17.45*
904,830,1325,844,1324,871,903,857,- PAPYRUS DARK COLOUR PAPER
892,883,1038,888,1037,916,891,911,4974052801334
1082,891,1099,891,1099,915,1082,915,1
1144,889,1200,892,1199,922,1143,919,2.70
1232,893,1289,896,1287,926,1230,923,0.00
1384,898,1456,902,1454,931,1382,927,2.70*
901,923,1065,928,1064,957,900,951,- ARTLINE 70
887,975,1034,980,1033,1007,886,1002,9557546953990
1079,983,1098,983,1098,1007,1079,1007,1
1140,981,1197,984,1196,1014,1139,1011,0.85
1229,984,1287,987,1285,1017,1227,1014,0.00
1379,989,1451,992,1449,1022,1378,1019,0.85*
898,1014,1226,1026,1225,1053,897,1041,FASTER CX5N BALL PEN
885,1066,1031,1072,1030,1100,884,1094,6924238702311
1074,1073,1094,1073,1094,1101,1074,1101,2
1137,1072,1194,1075,1193,1105,1136,1102,0.85
1226,1075,1283,1078,1281,1109,1224,1106,0.00
1378,1081,1450,1085,1448,1114,1376,1110,1.70*
894,1107,1163,1116,1162,1143,893,1134,- CBE HANDYCUTTER
881,1160,1028,1165,1027,1192,880,1187,9556655112694
1133,1165,1191,1168,1190,1198,1132,1195,8.40
1470,1159,1480,1159,1480,1201,1470,1201,"…
1073,1168,1089,1168,1089,1191,1073,1191,1
1223,1169,1280,1172,1278,1202,1221,1199,0.00
1373,1173,1446,1176,1445,1206,1372,1203,8.40 *
892,1198,1450,1218,1449,1245,891,1225,- CBE A4 SIZE 20 POCKETS REFILLABLE NEW
910,1227,1108,1235,1107,1262,909,1254,CLEAR HOLDER
877,1262,1025,1267,1024,1294,876,1289,9557369305006
1069,1268,1090,1270,1087,1297,1066,1295,2
1131,1269,1186,1272,1185,1299,1130,1296,3.96
1219,1272,1277,1275,1275,1304,1217,1301,0.00
1371,1273,1444,1277,1442,1310,1369,1306,7.92*
888,1302,1379,1319,1378,1346,887,1329,- EAGLE F4 120 NUMBERING FOOLSCAP
905,1329,986,1333,985,1363,903,1359,BOOK
878,1390,1009,1397,1008,1429,876,1422,TOTAL QTY. :
1081,1395,1111,1399,1108,1427,1078,1423,18
1342,1403,1425,1407,1423,1437,1341,1433,144.68
880,1458,1034,1463,1033,1491,879,1486,SUB-TOTAL,
1158,1473,1168,1473,1168,1484,1158,1484,%
1341,1470,1423,1473,1421,1502,1340,1499,144.68
877,1498,1018,1502,1017,1529,876,1525,TOTAL TA
1365,1510,1422,1512,1420,1542,1363,1540,8.68
874,1537,1025,1542,1024,1569,873,1564,ROUNDING
1356,1547,1419,1551,1417,1582,1354,1578,-0.01
873,1574,990,1578,989,1613,871,1609,TOTAL
1312,1588,1417,1593,1415,1629,1311,1624,153.35
1216,1602,1262,1627,1249,1651,1203,1626,01U
871,1616,971,1619,969,1655,869,1651,CASH
1309,1627,1416,1632,1414,1669,1308,1664,153.35
870,1662,1021,1667,1020,1700,868,1694,CHANGE
1340,1675,1415,1678,1413,1715,1339,1712,0.00
1046,1809,1270,1818,1268,1852,1044,1843,GST SUMMARY
870,1869,997,1875,996,1903,868,1897,TAX CODE
1171,1870,1287,1874,1287,1901,1171,1897,AMOUNT
1059,1877,1086,1877,1086,1906,1059,1906,%R
1357,1875,1414,1878,1413,1907,1355,1904,TAX
1195,1893,1258,1897,1256,1931,1193,1927,(RM)
1348,1899,1411,1903,1409,1937,1346,1933,(RM)
876,1928,920,1928,920,1961,876,1961,SR
1047,1932,1104,1936,1102,1967,1045,1963,6.00
1179,1938,1260,1942,1258,1971,1177,1967,144.68
1346,1944,1404,1947,1403,1977,1344,1974,8.68
857,1984,961,1989,959,2018,855,2013,TOTAL :
1176,1995,1259,1999,1258,2027,1175,2023,144.68
1345,2000,1403,2003,1402,2033,1343,2030,8.68
859,2036,1403,2055,1402,2085,858,2066,NOTE: (") INDICATED THE ITEM SOLD HAS BEEN RELATED
859,2063,1207,2076,1206,2106,857,2093,TO GST (GOODS & SERVICES TAX).
922,2135,1345,2151,1344,2178,921,2162,GOODS SOLD ARE NOT RETURNABLE.
1063,2169,1203,2176,1202,2204,1061,2197,THANK YOU.
