3268,103,3280,103,3280,112,3268,112,'
3851,165,3876,165,3876,186,3851,186,7R
270,572,717,577,716,648,269,642,PCL XL ERROR
2697,645,2717,645,2717,663,2697,663,A
555,717,853,717,853,803,555,803,WARNING:
992,719,1645,719,1645,796,992,796,ILLEGALMEDIASOURCE
4006,966,4024,966,4024,982,4006,982,5
3895,1026,3911,1026,3911,1040,3895,1040,A
793,1365,834,1377,828,1396,787,1384,".
4008,1386,4031,1386,4031,1400,4008,1400,P
2572,1457,3033,1496,3019,1652,2559,1613,A06015
1577,1773,2916,1780,2915,1858,1577,1850,UNIHAKKA INTERNATIONAL SDN BHD
2000,1855,2491,1861,2491,1928,1999,1922,09 JUN 2018 18:23
2088,1938,2401,1938,2401,2019,2088,2019,(867388-U)
1669,2020,2821,2028,2820,2098,1668,2091,12, JALAN TAMPOI 7/4,KAWASAN PERINDUSTRIAN
1803,2105,2676,2112,2676,2182,1802,2175,TAMPOI,81200 JOHOR BAHRU, JOHOR
2048,2185,2430,2189,2429,2256,2047,2252,TAX INVOICE
1514,2261,2336,2265,2336,2329,1513,2326,INVOICE # : 0R18060902170388
3391,2350,3407,2350,3407,2368,3391,2368,!
1505,2369,1636,2374,1633,2448,1502,2443,ITEM
2826,2374,2983,2379,2981,2458,2823,2453,TOTAL
1969,2378,2089,2383,2085,2460,1965,2455,QTY
1505,2468,2458,2477,2457,2554,1504,2545,SR I00100000035- 1 MEAT + 3 VEGE
1508,2568,1721,2568,1721,2629,1508,2629,RM6.69
2751,2567,2974,2572,2973,2645,2750,2641,RM6.69
1973,2578,2008,2578,2008,2629,1973,2629,1
1126,2588,1152,2599,1135,2639,1109,2627,"
1505,2683,2291,2694,2290,2766,1504,2755,SR I00100000015- VEGETABLE
1503,2784,1716,2784,1716,2847,1503,2847,RM1.03
2751,2785,2969,2789,2968,2859,2750,2855,RM1.03
1978,2799,1996,2799,1996,2817,1978,2817,R
2375,2931,2963,2936,2963,3003,2375,2997,TOTAL AMOUNT: RM7.72
4501,2996,4529,2996,4529,3017,4501,3017,*
2440,3013,2965,3017,2965,3089,2440,3085,GST @0%: RM0.00
2425,3097,2962,3103,2961,3177,2424,3171,ROUNDING: -RM0.02
2463,3180,2960,3184,2959,3250,2463,3247,NETT TOTAL: RM7.70
1496,3291,1896,3291,1896,3364,1496,3364,PAYMENT MODE
2744,3295,2962,3302,2960,3372,2742,3365,AMOUNT
1489,3382,1679,3382,1679,3457,1489,3457,CASH
4200,3382,4218,3382,4218,3396,4200,3396,¸
2743,3396,2958,3396,2958,3464,2743,3464,RM7.70
4632,3405,4644,3405,4644,3413,4632,3413,+
4413,3422,4429,3422,4429,3438,4413,3438,-
1490,3462,1715,3468,1713,3545,1488,3539,CHANGE
2740,3474,2958,3479,2957,3547,2739,3543,RM0.00
1488,3665,1834,3673,1833,3738,1486,3730,GST SUMMARY
2195,3671,2478,3679,2476,3747,2193,3739,AMOUNT(RM)
2748,3670,2960,3677,2958,3758,2746,3751,TAX(RM)
1488,3762,1841,3768,1840,3829,1487,3823,SR = GST @0%
2370,3766,2484,3766,2484,3832,2370,3832,7.72
2843,3769,2958,3769,2958,3836,2843,3836,0.00
1863,3887,2565,3896,2564,3961,1862,3952,GST REG #000656195584
4727,3887,4743,3887,4743,3903,4727,3903,-
1741,3969,2687,3978,2686,4045,1740,4036,BAR WANG RICE@PERMAS JAYA
1859,4053,2560,4061,2559,4131,1858,4123,THANK YOU & COME AGAIN!
1778,4134,2636,4143,2635,4208,1777,4199,LIKE AND FOLLOW US ON FACEBOOK!
1822,4218,2590,4227,2589,4298,1821,4288,FACEBOOK.COM/BARWANGRICE
3828,4236,3862,4236,3862,4267,3828,4267,4
3846,4513,3863,4513,3863,4527,3846,4527,.
2926,4880,2944,4880,2944,4895,2926,4895,-
2743,4927,2759,4927,2759,4943,2743,4943,:
2266,5206,2287,5206,2287,5222,2266,5222,°
2688,5213,2704,5213,2704,5232,2688,5232,1
2487,5273,2510,5297,2495,5312,2472,5288,"
773,5311,789,5311,789,5325,773,5325,.
3150,5371,3166,5371,3166,5385,3150,5385,4
365,5553,384,5553,384,5567,365,5567,"
3706,5778,3738,5763,3767,5824,3736,5839,.1
3862,5979,3911,5979,3911,6002,3862,6002,*: 5
2958,6088,2976,6088,2976,6102,2958,6102,.
278,6118,299,6118,299,6144,278,6144,:
3486,6200,3502,6200,3502,6216,3486,6216,T
4817,6200,4829,6200,4829,6213,4817,6213,-
368,6252,387,6257,383,6273,363,6268,1
4186,6806,4198,6806,4198,6814,4186,6814,*
2121,6825,2137,6825,2137,6841,2121,6841,#
