3264,81,3273,81,3273,93,3264,93,7
3854,136,3876,151,3865,166,3844,152,"7
2695,626,2711,626,2711,642,2695,642,A
3622,1382,3638,1382,3638,1398,3622,1398,-
2939,1528,2961,1528,2961,1544,2939,1544,•*
2617,1978,2888,1969,2892,2078,2620,2087,4060
3927,1994,3936,1994,3936,2005,3927,2005,.
1466,2224,2805,2242,2804,2319,1465,2301,UNIHAKKA INTERNATIONAL SDN BHD
1887,2312,2380,2317,2380,2382,1887,2376,04 JUN 2018 18:28
1976,2390,2291,2396,2289,2477,1974,2471,(867388-U)
1556,2471,2727,2486,2727,2558,1555,2543,12, JALAN TAMPOI 7/4,KAWASAN PERINDUSTRIAN
1125,2565,1156,2578,1139,2617,1108,2604,:
1690,2557,2562,2568,2561,2642,1689,2631,TAMPOI, 81200 JOHOR BAHRU,JOHOR
1932,2641,2315,2647,2314,2714,1931,2708,TAX INVOICE
1399,2713,2224,2722,2223,2787,1399,2778,INVOICE # : OR18060402170527
646,2753,690,2727,703,2749,658,2775,: :
1392,2825,1525,2830,1522,2905,1389,2900,ITEM
1857,2829,1973,2838,1966,2924,1850,2915,QTY
2711,2837,2869,2842,2866,2921,2709,2916,TOTAL
1392,2924,2037,2933,2036,3000,1391,2990,SR I00100000006- PORK
4503,2977,4519,2977,4519,2991,4503,2991,3
1391,3015,1607,3019,1606,3093,1390,3088,RM2.54
1855,3029,1901,3029,1901,3089,1855,3089,1
2638,3027,2856,3031,2855,3105,2637,3101,RM2.54
1389,3138,2099,3149,2097,3221,1388,3209,SR I00100000060- 4 VEGE
1386,3234,1605,3234,1605,3303,1386,3303,RM5.13
1853,3245,1897,3245,1897,3298,1853,3298,1
2635,3245,2853,3249,2851,3319,2633,3315,RM5.18
4198,3358,4217,3363,4213,3378,4194,3372,1
2257,3387,2847,3396,2846,3461,2256,3452,TOTAL AMOUNT: RM7.72
2321,3469,2849,3475,2848,3552,2320,3546,GST @0%: RM0.00
2333,3555,2844,3563,2843,3636,2332,3629,ROUNDING: -RM0.02
2345,3639,2842,3645,2841,3710,2345,3704,NETT TOTAL: RM7.70
1375,3737,1778,3745,1777,3819,1374,3811,PAYMENT MODE
2625,3755,2846,3761,2844,3831,2623,3825,AMOUNT
1373,3830,1563,3837,1561,3912,1370,3905,CASH
2621,3849,2840,3856,2838,3926,2619,3920,RM7.70
1372,3910,1601,3921,1597,4004,1368,3993,CHANGE
2621,3932,2839,3936,2837,4005,2619,4000,RM0.00
1372,4121,1715,4133,1713,4194,1370,4183,GST SUMMARY
2075,4130,2358,4136,2356,4203,2073,4197,AMOUNT(RM)
2631,4131,2841,4140,2838,4216,2628,4207,TAX(RM)
3818,4213,3860,4213,3860,4250,3818,4250,T
1370,4216,1722,4224,1720,4285,1368,4278,SR = GST @0%
2252,4223,2363,4228,2360,4291,2249,4286,7.72
2724,4231,2838,4231,2838,4297,2724,4297,0.00
1743,4343,2444,4354,2443,4419,1742,4407,GST REG #000656195584
1621,4425,2562,4438,2561,4505,1620,4492,BAR WANG RICE@PERMAS JAYA
1740,4507,2439,4519,2437,4591,1738,4579,THANK YOU & COME AGAIN!
1658,4590,2514,4601,2513,4666,1658,4655,LIKE AND FOLLOW US ON FACEBOOK!
1703,4674,2469,4687,2467,4759,1701,4746,FACEBOOK.COM/BARWANGRICE
3643,4850,3660,4833,3672,4845,3656,4862,•
2262,5185,2281,5185,2281,5197,2262,5197,T
3146,5350,3164,5350,3164,5365,3146,5365,4
361,5536,382,5536,382,5551,361,5551,.
3719,5750,3738,5769,3724,5783,3705,5764,**
3346,5914,3386,5914,3386,5943,3346,5943,E.
3855,5958,3904,5958,3904,5978,3855,5978,+
1705,6104,1718,6104,1718,6113,1705,6113,+
278,6106,294,6106,294,6123,278,6123,I
4806,6172,4824,6172,4824,6190,4806,6190,.
1408,6483,1416,6483,1416,6493,1408,6493,V
3902,6700,3927,6700,3927,6713,3902,6713,AUPR
