119,373,518,376,518,410,119,407,99 5PEED MART 5/8 (519537-X)
133,417,516,417,516,451,133,451,LOT P.T. 2811, JALAN ANGSA,
218,457,419,457,419,484,218,484,TANAN BERKELEY
176,495,477,492,478,529,176,531,41150 KLANG, SELANGOR
190,534,462,534,462,564,190,564,1037-SUBANG PERDANA
148,573,506,573,506,603,148,603,GST IO. NO : 000181747712
132,651,538,648,538,683,132,686,INVOICE N0 : 18039/103/T020X
45,729,153,729,153,764,45,764,04:56PM
287,730,380,730,380,763,287,763,565420
500,728,620,726,621,761,501,764,21-05-17
46,808,294,805,295,839,46,841,154 AJINONOTO 1K8
486,804,620,807,619,842,485,839,RM20,90 S
75,848,263,848,263,879,75,879,02 X RM 10.40
47,926,480,923,480,956,47,959,TOTAL SALES (INCLUSIVE GST) RM
517,923,593,923,593,956,517,956,20.90
371,965,479,963,480,996,372,998,CASH RM
513,964,591,962,592,996,515,998,21.00
345,1006,479,1004,480,1036,346,1038,CHANGE RH
546,1003,594,1003,594,1036,546,1036,,20
46,1082,213,1086,212,1128,45,1124,GST SUAMARY
275,1086,418,1083,419,1115,276,1118,ASOUNT(RM)
502,1083,602,1080,603,1113,503,1116,TAX(RM)
345,1124,421,1121,422,1157,346,1160,19.62
543,1119,608,1119,608,1157,543,1157,1,18
45,1126,138,1126,138,1159,45,1159,S = 67.
123,1244,520,1244,520,1274,123,1274,THANK YOU, PLEASE COME AGAIN
