193,170,635,168,635,209,193,211,NADEJE PRESTIGE SDN BHD
137,216,689,216,689,256,137,256,LOT NO.:G1.116A,GROUND FLOOR,
78,258,766,261,766,304,78,302,SUNWAY PYRAMID,NO.3,JALAN PJS 11/15,
96,305,746,305,746,346,96,346,BANDAR SUNWAY,47500 PETALING JAYA.
307,349,522,349,522,394,307,394,(1198447-X)
230,395,598,395,598,435,230,435,GST ID:000182431744
307,481,522,481,522,526,307,526,TAX INVOICE
645,654,812,656,811,705,645,703,TAKE OUT
40,661,407,661,407,699,40,699,INVOICE: 000-074020
36,702,524,702,524,749,36,749,DATE: 2018/02/22 13:34:14
38,790,310,790,310,835,38,835,ORIGINAL SLICE
591,791,620,791,620,833,591,833,2
667,789,812,789,812,835,667,835,RM26.00
36,833,351,835,350,879,36,877,DOUBLECHOC SLICE
595,838,619,838,619,876,595,876,1
668,836,811,836,811,879,668,879,RM13.00
331,926,810,913,812,1003,334,1016,GRAND TOTAL RM39.00
42,1038,711,1040,711,1084,42,1082,(BILL INCLUSIVE OF 6% GST : RM2.21)
475,1126,561,1126,561,1172,475,1172,CASH
668,1127,809,1127,809,1169,668,1169,RM50.00
439,1170,562,1172,561,1219,438,1217,CHANGE
668,1172,810,1172,810,1214,668,1214,RM11.00
41,1260,507,1262,507,1296,41,1294,001-2018/02/22 13:34:27 MYO TUN(1)
527,1262,720,1262,720,1295,527,1295,000-074020 [1]
