166,178,792,178,792,225,166,225,KEDAI UHAT DAN RUNCIT CHONG HWA
67,225,867,228,867,278,67,276,3, JALAN PERDANA 5, TAMAN INDAH PERDANA,
302,276,649,276,649,327,302,327,KEPONG, 52100 KL.
227,326,732,326,732,377,227,377,TELEPHONE NO, 03-62801198
264,378,673,378,673,425,264,425,GST NO. 001379917824
43,474,211,476,210,529,42,526,RECEIPT:
342,474,455,474,455,526,342,526,33037
42,524,154,527,153,578,41,575,DATE:
342,527,812,523,813,571,343,574,OCT 3, 2016 12:16:25 PM
340,576,432,573,433,622,342,625,CW01
45,575,229,575,229,625,45,625,TERMINAL:
44,624,250,626,250,679,43,676,SERVED BY:
342,625,511,625,511,675,342,675,EMPLOYEE
44,723,137,726,135,775,43,772,ITEM
441,724,554,724,554,772,441,772,PRICE
622,722,694,722,694,776,622,776,QTY
780,721,894,721,894,772,780,772,VALUE
45,824,352,824,352,874,45,874,LIQUID MEDICINE
405,824,552,824,552,870,405,870,RM33.90
642,825,692,825,692,869,642,869,X1
740,821,892,821,892,870,740,870,RM33.90
46,922,333,920,334,971,46,974,ITEMS COUNT: 1
44,1019,578,1017,579,1103,44,1105,TOTAL SALES INCL, GST @ 6%
739,1016,900,1016,900,1104,739,1104,RM33.90
41,1095,139,1095,139,1148,41,1148,CASH
43,1142,230,1146,229,1198,42,1195,TENDERED:
721,1143,894,1143,894,1193,721,1193,RM100.00
41,1192,192,1194,191,1251,40,1248,CHANGE:
741,1194,894,1192,895,1243,742,1245,RM66.10
44,1292,289,1292,289,1341,44,1341,NETT OF TAX:
742,1291,895,1291,895,1341,742,1341,RM31.98
43,1344,229,1344,229,1393,43,1393,GST @ 6%:
762,1341,895,1341,895,1391,762,1391,RM1.92
41,1440,96,1440,96,1490,41,1490,SR
502,1441,652,1438,653,1489,503,1491,RM31.98
762,1439,895,1439,895,1489,762,1489,RM1.92
46,1492,411,1492,411,1537,46,1537,STANDARD RATED TAX
522,1489,654,1489,654,1539,522,1539,RM0,00
761,1488,895,1488,895,1538,761,1538,RMO.00
42,1538,94,1538,94,1588,42,1588,ZR
521,1538,654,1538,654,1587,521,1587,RMO.00
762,1539,893,1539,893,1586,762,1586,RMO.00
44,1590,411,1587,411,1636,44,1638,ZERO RATED TAX (ZR
519,1586,652,1586,652,1636,519,1636,RMO,00
761,1586,894,1586,894,1636,761,1636,RMO.00
383,1682,574,1682,574,1737,383,1737,THANK YOU
