3277,96,3296,96,3296,111,3277,111,*
3869,156,3886,156,3886,172,3869,172,"
4026,958,4034,958,4034,966,4026,966,1
3911,1016,3927,1016,3927,1030,3911,1030,A
775,1287,791,1287,791,1303,775,1303,-
818,1377,851,1387,847,1401,814,1392,.•
1670,1535,3010,1520,3011,1603,1671,1617,UNIHAKKA INTERNATIONAL SDN BHD
2101,1616,2584,1608,2585,1675,2102,1682,10 APR 2018 18:21
2188,1697,2501,1690,2502,1766,2189,1772,(867388-U)
1768,1784,2920,1770,2921,1840,1769,1854,12, JALAN TAMPOI 7/4,KAWASAN PERINDUSTRIAN
1904,1867,2779,1855,2780,1926,1905,1937,TAMPOI,81200 JOHOR BAHRU, JOHOR
2149,1944,2533,1938,2534,2005,2150,2010,TAX INVOICE
1617,2030,2441,2015,2442,2080,1618,2095,INVOICE # : 0R18041002160370
2930,2118,3089,2123,3087,2202,2927,2197,TOTAL
2075,2127,2197,2138,2190,2222,2068,2212,QTY
1608,2142,1742,2142,1742,2214,1608,2214,ITEM
1613,2235,2566,2226,2567,2303,1614,2312,SR I00100000035- 1 MEAT + 3 VEGE
2916,2307,3085,2307,3085,2391,2916,2391,$7.10
1614,2324,1779,2324,1779,2401,1614,2401,$7.10
1615,2449,2508,2441,2509,2513,1616,2521,SR I00100000064-ADD VEGETABLE
2917,2526,3085,2526,3085,2610,2917,2610,$0.50
1611,2544,1778,2539,1780,2618,1614,2623,$0.50
2547,2682,3075,2676,3076,2743,2548,2749,TOTAL AMOUNT: $7.60
2614,2759,3084,2753,3085,2831,2615,2837,GST @6%: $0.43
710,2766,726,2766,726,2780,710,2780,^.
2642,2845,3082,2838,3083,2910,2643,2917,NETT TOTAL: $7.60
2861,2957,3085,2957,3085,3033,2861,3033,AMOUNT
1613,2970,2018,2966,2019,3045,1614,3049,PAYMENT MODE
4533,2984,4552,2984,4552,2999,4533,2999,**
2916,3048,3083,3048,3083,3126,2916,3126,$7.60
1619,3064,1800,3064,1800,3134,1619,3134,CASH
2917,3133,3083,3133,3083,3212,2917,3212,$0.00
1617,3146,1840,3153,1838,3230,1615,3223,CHANGE
2923,3338,3088,3338,3088,3417,2923,3417,TAX($)
1616,3350,1961,3358,1960,3419,1615,3411,C ST SUMMARY
2368,3347,2606,3347,2606,3413,2368,3413,AMOUNT($)
4232,3368,4248,3368,4248,3383,4232,3383,<
1618,3441,1970,3445,1969,3506,1617,3503,SR = GST @6%
2500,3440,2611,3440,2611,3501,2500,3501,7.17
2974,3436,3085,3436,3085,3497,2974,3497,0.43
1994,3566,2695,3562,2696,3627,1995,3631,GST REG #000656195584
4219,3562,4230,3562,4230,3571,4219,3571,'
1869,3648,2817,3641,2817,3711,1870,3719,BAR WANG RICE@PERMAS JAYA
2028,3729,2661,3724,2662,3797,2028,3803,(PRICE INCLUSIVE OF GST)
1996,3811,2694,3811,2694,3882,1996,3882,THANK YOU & COME AGAIN!
1913,3896,2769,3892,2770,3957,1913,3961,LIKE AND FOLLOW US ON FACEBOOK!
1963,3978,2724,3978,2724,4048,1963,4048,FACEBOOK.COM/BARWANGRICE
3867,4227,3900,4227,3900,4259,3867,4259,5
3627,4787,3729,4812,3711,4887,3608,4861,.
2791,4922,2810,4941,2796,4955,2776,4936," $
3583,5030,3601,5030,3601,5048,3583,5048,$
1360,5071,1376,5071,1376,5090,1360,5090,*
2528,5273,2550,5294,2535,5309,2513,5287,2
2558,5322,2567,5322,2567,5332,2558,5332,1
409,5570,429,5562,435,5576,415,5585,"•
3909,5594,3929,5594,3929,5608,3909,5608,*
3767,5767,3782,5767,3782,5785,3767,5785,..
3735,5911,3751,5911,3751,5927,3735,5927,+
3920,5971,3952,5971,3952,5985,3920,5985,4
4616,5967,4639,5967,4639,6000,4616,6000,:
326,6153,343,6128,359,6138,342,6164,O
4861,6174,4878,6174,4878,6193,4861,6193,:
1464,6504,1480,6504,1480,6518,1464,6518,,
3122,6544,3132,6544,3132,6553,3122,6553,4
