139,280,560,292,559,329,138,317,99 SPEED MART S/B (519537-X)
152,322,560,333,559,373,151,363,LOT P.T, 28II, JALAN ANGSA,
241,367,464,372,463,407,240,402,TAMAN BERKELEY
195,408,517,413,516,454,194,448,41150 KLANG, SELANGOR
178,449,513,455,512,492,177,486,1245-DESA SRI HARTAMAS
164,491,544,496,544,533,164,528,GST ID. NO : 000181747712
145,576,571,581,570,618,145,613,INVOICE NO : 18341/103/T0138
54,661,169,661,169,697,54,697,09:06PM
310,662,410,662,410,701,310,701,569547
537,666,663,666,663,702,537,702,19-03-18
56,743,404,746,404,783,56,780,103 SUNQUICK OREN 84OML
519,746,663,749,662,785,518,782,RMI1.40 S
56,827,511,829,511,865,56,863,TOTAL SALES (INCLUSIVE GST) RM
548,830,631,830,631,865,548,865,11.40
395,868,511,868,511,907,395,907,CASH RM
546,870,628,870,628,906,546,906,11.40
369,910,512,910,512,948,369,948,CHANGE RM
577,911,630,911,630,947,577,947,.00
53,989,228,993,227,1035,52,1031,GST SUMMARY
293,992,448,992,448,1029,293,1029,AMOUNT(RM)
532,993,644,993,644,1028,532,1028,TAX(RM)
367,1032,452,1032,452,1072,367,1072,10.75
587,1033,645,1033,645,1072,587,1072,.65
50,1035,150,1035,150,1070,50,1070,S = 6%
130,1162,554,1162,554,1199,130,1199,THANK YOU, PLEASE COME AGAIN
53,1203,639,1202,639,1238,53,1239,KEEP THE INVOICE FOR APPLICABLE RETURNS
