236,121,464,113,466,158,238,166,S&Y STATIONERY
240,167,445,158,447,199,242,208,(002050590-H)
125,211,569,199,571,240,127,252,NO. 36G JALAN BULAN BM U5/BM,
157,252,539,240,541,280,159,293,BANDAR PINGGIRAN SUBANG,
253,291,430,285,431,324,255,330,SEKSYEN U5,
143,336,553,323,555,361,145,374,40150 SHAH ALAM, SELANGOR.
66,377,622,362,623,403,67,418,TEL / FAX : 0163307491 / 0378317491
95,418,609,404,611,444,96,457,EMAIL: SNYSTATIONERY@HOTMAIL.COM
127,458,576,446,577,483,129,495,TEL: 0163307491 / 0378317491
219,496,467,489,468,526,221,534,FAX: 0378317491
78,539,626,528,626,566,78,577,E-MAIL: SNYSTATIONERY@HOTMAIL,.COM
132,581,557,569,558,607,133,619,(GST REG NO : 000906854400)
319,658,627,650,627,687,320,694,INV NO : CS-0004323
32,657,214,659,213,697,32,695,S/P : SALES
33,700,403,698,404,733,33,735,05-JAN-2017 03:17:50 PM
286,779,403,779,403,818,286,818,INVOICE
33,861,261,861,261,896,33,896,NO. DESCRIPTION
619,855,676,855,676,893,619,893,UOM
31,900,102,900,102,937,31,937,CODE
270,899,450,899,450,937,270,937,QTY U/PRICE
508,896,669,896,669,935,508,935,TOTAL(MYR)
47,981,480,981,480,1015,47,1015,LION FILE 6'S SPRING FILE
617,975,676,975,676,1015,617,1015,PCS
31,1020,134,1018,135,1056,32,1059,MFF350
254,1020,293,1020,293,1056,254,1056,50
379,1018,451,1018,451,1056,379,1056,1.60
523,1018,611,1018,611,1055,523,1055,80.00
634,1018,675,1018,675,1054,634,1054,SR
32,1064,292,1060,293,1095,32,1099,DISCOUNT @10 00%
524,1059,610,1059,610,1095,524,1095,-8.00
321,1181,507,1181,507,1216,321,1216,ITEM COUNT :
634,1179,673,1179,673,1215,634,1215,50
81,1222,508,1221,508,1255,81,1256,TOTAL SALES INCL. GST @6% :
587,1219,674,1219,674,1256,587,1256,72.00
161,1262,508,1261,508,1295,161,1296,TOTAL AMOUNT PAYABLE :
587,1260,673,1260,673,1297,587,1297,72.00
271,1302,508,1302,508,1335,271,1335,CASH RECEIVED :
573,1300,672,1300,672,1336,573,1336,100.00
378,1341,510,1338,511,1377,379,1379,CHANGE :
585,1338,673,1338,673,1378,585,1378,28.00
32,1421,214,1423,213,1459,32,1457,GST SUMMARY
253,1422,442,1422,442,1457,253,1457,AMOUNT (MYR)
522,1420,667,1420,667,1458,522,1458,TAX (MYR)
32,1462,151,1462,151,1498,32,1498,SR = 6%
363,1459,451,1459,451,1499,363,1499,67.92
599,1460,673,1460,673,1498,599,1498,4.08
34,1543,669,1543,669,1576,34,1576,GOODS SOLD ARE NOT RETURNABLE/REFUNDABLE
