441,275,592,275,592,295,441,295,PASAR MINI JIN SENG
426,294,605,294,605,314,426,314,379, JALAN PERMAS SATU,
426,312,607,312,607,332,426,332,BANDAR BARU PERMAS JAYA
429,331,600,329,601,350,429,352,81750 PLENTONG, JOHOR.
452,349,578,347,579,368,452,370,TEL : 07-3874904
433,367,598,365,599,386,433,388,(CO. NO. JMO195368-D)
431,386,600,384,601,405,431,407,(GST NO, 000150511616)
328,423,472,420,473,441,329,443,TAXINV:002-1550040
575,420,641,420,641,441,575,441,18/03/18
331,440,472,440,472,460,331,460,CASHIER : CASHTER2
332,480,341,480,341,495,332,495,,
368,478,448,478,448,496,368,496,VEGETABLES
574,475,639,475,639,496,574,496,2.20 ZRL
366,496,518,493,518,514,367,517,LTK OMEGA PLUS 105
332,499,341,499,341,514,332,514,Γ~
575,495,638,495,638,513,575,513,5.70 ZRL
575,512,639,512,639,533,575,533,1.00 ZRL
330,517,341,517,341,533,330,533,7
369,515,449,515,449,533,369,533,VEGETABLES
367,532,448,532,448,550,367,550,VEGETABLES
574,530,639,530,639,551,574,551,2.00 ZRL
330,554,342,554,342,569,330,569,1
367,551,449,549,450,569,368,572,VEGETABLES
575,550,638,550,638,568,575,568,8.00 ZRL
330,572,342,572,342,588,330,588,1
368,570,426,570,426,588,368,588,SEAFOOD
575,568,639,568,639,586,575,586,8.50 ZRI.
574,585,641,585,641,605,574,605,1.20 SR
330,591,341,591,341,605,330,605,1
367,587,494,587,494,606,367,606,FISH BALL / CAKE
331,625,409,625,409,642,331,642,ITEN COUNT
626,622,640,622,640,639,626,639,7
331,643,403,643,403,661,331,661,SUBTOTAL:
597,639,640,639,640,661,597,661,28.60
329,679,410,679,410,712,329,712,TL:RM
557,676,641,676,641,712,557,712,28.60
328,708,380,708,380,730,328,730,6% GST
604,707,639,707,639,727,604,727,0.07
413,763,533,763,533,783,413,783,PAYMENT DETAILS
328,782,365,782,365,801,328,801,CASH
385,779,391,779,391,784,385,784,,
591,780,639,780,639,799,591,799,100.00
328,799,418,799,418,820,328,820,CASH CHANGE
596,797,640,797,640,819,596,819,71.40
329,836,547,835,547,855,329,856,18/03/18 09:03 #002-1550040#
329,856,394,856,394,874,329,874,CASHIER?
330,911,416,911,416,929,330,929,GST SUMMARY
459,908,537,908,537,929,459,929,AMOUNT(RM)
581,907,638,907,638,929,581,929,TAX(RM)
329,929,349,929,349,947,329,947,SR
406,927,449,927,449,948,406,948,(6%)
503,928,539,928,539,946,503,946,1.20
603,927,638,927,638,945,603,945,0.07
328,945,355,945,355,966,328,966,ZRI
405,944,449,944,449,966,405,966,(00%)
496,945,539,945,539,964,496,964,27.40
603,944,639,944,639,964,603,964,0,00
476,1018,551,1018,551,1039,476,1039,THANK YOU
779,1041,795,1034,805,1056,788,1063,4
445,1035,583,1037,582,1058,445,1056,PLEASE COME AGAIN
445,1055,585,1055,585,1075,445,1075,SWB, 99E3
400,1073,625,1071,625,1092,400,1094,GOODS SOLD ARE NOT REFUNDABLE
