332,209,701,217,700,255,331,247,KAISON FURNISHING SDN BHD
373,272,656,279,655,320,372,313,L4-17 (B), LEVEL 4,
358,335,683,342,682,383,358,376,UP2-01, MELAWATI MALL,
316,398,708,406,707,446,315,438,355, JALAN BANDAR MELAWATI,
357,463,678,470,677,508,357,501,PUSAT BANDAR MELAWATI,
371,526,649,532,648,570,370,564,53100 KUALA LUMPUR.
355,589,673,594,672,632,355,627,CO. REG NO. (761834-D)
341,651,692,656,691,694,341,689,GST REG NO. 001813975040
382,710,649,716,649,754,381,748,TEL: 03 - 41019864
222,836,293,836,293,873,222,873,SLIP
320,836,603,839,603,876,320,873,0000MLW-P3000024348
221,896,801,903,801,941,221,933,STAFF: 1799 SITI IZZA TRANS: 1603029175
218,958,530,961,530,999,218,995,DATE: 29-01-18 20:38
217,1083,387,1083,387,1121,217,1121,DESCRIPT ION
603,1083,755,1087,754,1129,602,1125,AMOUNT(RM)
216,1206,337,1206,337,1242,216,1242,BARCODE:
390,1207,511,1207,511,1243,390,1243,10182079
215,1264,509,1268,509,1305,215,1301,FLOWER BUNCH - ROSE
260,1324,481,1327,481,1365,259,1362,122 PCS @ 18.90
627,1328,795,1331,795,1370,626,1367,2,305.80 SR
215,1385,507,1389,507,1427,215,1423,ITEM NO.: 30001640
213,1445,504,1450,504,1488,213,1483,FLOWER BUNCH - CRYST
254,1507,477,1510,477,1548,253,1545,240 PCS @ 13.90
622,1509,792,1513,792,1555,621,1551,3,336.00 SR
213,1570,503,1570,503,1607,213,1607,ITEM NO.: 30001635
210,1626,504,1632,503,1673,209,1667,FLOWER BUNCH - 7HO P
254,1688,473,1692,473,1730,253,1726,130 PCS @ 16.90
619,1693,785,1696,785,1737,618,1735,2,197.00 SR
206,1808,331,1811,330,1850,206,1848,TOTAL RM
620,1816,744,1820,743,1860,619,1856,7,838.80
204,1868,357,1872,356,1914,203,1910,CASH (MYR)
610,1878,745,1882,744,1921,609,1917,-7,840.00
204,1930,300,1933,299,1973,202,1970,CHANGE
674,1942,743,1942,743,1981,674,1981,1.20
245,2053,312,2053,312,2091,245,2091,GST%
357,2055,467,2055,467,2098,357,2098,AMT(RM)
515,2057,781,2067,779,2108,513,2098,GST(RM) TOTAL(RM)
204,2116,238,2116,238,2148,204,2148,SR
285,2117,309,2117,309,2149,285,2149,6
341,2115,467,2118,466,2157,340,2154,7,395.09
528,2122,624,2124,624,2161,528,2159,443.71
651,2125,782,2128,780,2167,650,2164,7,838.80
229,2236,733,2251,732,2288,228,2273,GOODS SOLD ARE NON-CASH REFUNDABLE.
256,2298,721,2312,720,2349,255,2335,EXCHANGE OF GOODS WITHIN 14 DAYS
254,2360,715,2374,714,2411,253,2397,ACCOMPANIED BY ORIGINAL RECEIPT.
