3847,142,3876,151,3869,174,3840,165,"
1080,530,1089,530,1089,540,1080,540,,
2695,628,2718,628,2718,651,2695,651,D
4012,943,4022,952,4013,961,4004,952,V
1478,1132,2952,1108,2953,1203,1479,1227,THE TOAST F&B SDN BHD (965752-T)
1574,1242,2856,1213,2858,1285,1576,1314,LOT 2110&2111 JALAN PERMAS UTARA
1821,1318,2613,1301,2615,1371,1823,1388,BANDAR BARU PERMAS
805,1372,821,1372,821,1382,805,1382,$.
1733,1397,2700,1375,2701,1447,1735,1469,81750.JOHOR BAHRU JOHOR
4446,1402,4482,1410,4477,1431,4441,1423,MEOR
1967,1470,2469,1457,2471,1529,1969,1542,TEL: D7-3886880
1803,1553,2633,1534,2634,1604,1805,1623,GST ID NO. 002069884928
1898,1644,2533,1629,2536,1730,1901,1746,TAX INVOICE
567,1670,585,1670,585,1684,567,1684,-
2501,1776,2932,1766,2934,1852,2503,1862,16/06/2018
1511,1797,2095,1783,2097,1866,1513,1879,PS8418065765
2300,1879,2674,1867,2677,1953,2303,1965,LOC: PMS
1507,1893,1934,1881,1937,1967,1510,1979,S/P: POS1
1506,1997,1773,1990,1775,2071,1508,2077,WALK IN
1508,2109,1817,2104,1819,2210,1509,2214,TABLE:
2044,2109,2217,2104,2221,2237,2048,2243,24
1830,2277,2940,2250,2943,2344,1832,2372,QTY U.PRICE DISC AMOUNT RM
1508,2287,1663,2287,1663,2368,1508,2368,ITEM
1958,2368,2707,2352,2708,2429,1960,2446,MONGOLIA CHICKEN
1510,2377,1660,2377,1660,2464,1510,2464,230
2698,2446,2946,2439,2948,2527,2701,2533,9.40 S
2110,2463,2491,2453,2493,2532,2112,2542,9.40 0.00
1919,2476,1961,2470,1971,2539,1929,2545,5
1960,2563,2476,2552,2478,2629,1962,2640,BUTTER KAYA
1512,2576,1654,2571,1657,2658,1516,2663,101
1140,2583,1161,2595,1140,2631,1119,2619,1"
2702,2642,2947,2636,2950,2723,2704,2730,2.35 S
2110,2660,2493,2648,2495,2728,2112,2740,2.35 0.00
1920,2673,1963,2666,1973,2731,1931,2738,1
1962,2761,2534,2746,2536,2825,1964,2840,MEE HUN KUEY
692,2756,701,2756,701,2764,692,2764,+
1512,2772,1661,2767,1664,2855,1516,2860,205
2703,2842,2949,2834,2952,2921,2706,2930,8.00 S
2110,2858,2495,2848,2497,2927,2112,2937,8.00 0.00
1926,2870,1970,2865,1978,2927,1934,2932,1
1962,2956,2411,2948,2412,3032,1964,3040,NESLO (ICE)
1512,2970,1664,2963,1668,3051,1516,3057,412
4510,2975,4536,2975,4536,2992,4510,2992,7
2705,3035,2949,3028,2952,3116,2708,3123,4.25 S
2117,3053,2495,3043,2497,3121,2119,3132,4.25 0.00
1923,3066,1967,3057,1981,3120,1937,3129,"1
1966,3149,2758,3138,2759,3222,1967,3233,HONEY RED TEA (ICE)
1516,3163,1664,3158,1667,3248,1519,3253,432
2709,3237,2949,3228,2952,3311,2712,3319,4.15 S
2117,3251,2498,3239,2501,3320,2119,3332,4.15 0.00
1924,3255,1982,3255,1982,3327,1924,3327,1
1521,3360,2024,3346,2027,3430,1524,3444,TOTAL ITEMS: 5
4212,3359,4226,3359,4226,3375,4212,3375,′
4640,3380,4656,3380,4656,3394,4640,3394,*
2737,3458,2948,3449,2952,3539,2741,3548,28.15
1544,3484,2016,3472,2018,3551,1546,3563,SUB TOTAL RM
2781,3556,2949,3551,2952,3639,2784,3644,0.00
1550,3584,2074,3571,2076,3648,1552,3661,LESS DISCOUNT:
2779,3654,2953,3649,2955,3741,2782,3745,0.00
1546,3677,1811,3671,1813,3758,1548,3765,ROUND:
1546,3801,2421,3785,2423,3893,1548,3910,TOTAL DUE (GST INC):
2696,3782,2952,3776,2955,3877,2699,3884,28.15
2700,3928,2952,3921,2955,4025,2703,4031,50.00
1542,3950,2025,3931,2029,4047,1546,4065,PALD: CASH
2700,4096,2956,4090,2959,4198,2703,4205,21.85
1545,4124,1962,4120,1963,4237,1546,4242,CHANGE:
3842,4218,3876,4218,3876,4250,3842,4250,°
2325,4296,2533,4290,2536,4374,2327,4380,28.15
2788,4291,2956,4286,2959,4374,2791,4379,0.00
1600,4306,1994,4306,1994,4399,1600,4399,S:GST(0%):
1583,4664,2238,4653,2240,4732,1585,4743,PLEASE COME AGAIN!
1536,4975,2270,4965,2271,5048,1537,5057,16/06/2018 06:18:40 PM
1337,5062,1353,5062,1353,5076,1337,5076,4
3333,5283,3347,5297,3333,5311,3319,5297,"
3886,5585,3904,5585,3904,5601,3886,5601,'.
3361,5928,3399,5904,3416,5931,3378,5955,.
3884,5954,3931,5959,3929,5980,3882,5975,:
303,6136,319,6115,332,6125,316,6146,-"
398,6257,416,6257,416,6272,398,6272,-
1439,6497,1448,6497,1448,6509,1439,6509,2
