151,445,660,443,660,493,151,495,BEST DENKI MALAYSIA (308282-A)
202,495,614,493,615,540,202,542,LOT LG 26, SUBAING PARADE
250,546,562,542,563,590,251,594,NO.5, JALAN SS16/1
171,596,630,596,630,643,171,643,47500 SUBANG JAYA, SELANGOR
186,645,614,643,614,690,187,692,GST REG. NO. 001348681728
252,695,565,693,565,735,253,737,BEST DENKI 1 UTAMA
221,744,596,742,596,785,221,787,TEL NO.: 603-7722 1933
70,798,736,790,736,838,70,846,OPENING HRS: 10:00:00 AM TO 10:00:00PM
68,892,592,892,592,940,68,940,DATE: 01/05/16 2:51 SLIP: C
572,891,752,891,752,936,572,936,0020018018
71,944,419,944,419,985,71,985,STAFF: JORDAN TAN KC
448,944,562,941,563,981,448,984,TRANS:
656,940,753,940,753,985,656,985,20980
69,994,600,988,600,1035,69,1041,SOLD BY: BD1187 MUHAMMAD SHAFIK
52,1090,364,1088,364,1133,53,1135,SIMPLIFIED INVOICE
68,1190,165,1190,165,1235,68,1235,MODEL
284,1187,385,1187,385,1235,284,1235,PRICE
473,1187,539,1191,536,1241,471,1238,QTY
590,1190,702,1190,702,1233,590,1233,AMOUNT
68,1284,181,1287,180,1331,67,1328,240201
324,1288,666,1288,666,1326,324,1326,COMPUTER ACCESSORIES
587,1331,742,1331,742,1384,587,1384,89,00 S
237,1336,332,1336,332,1381,237,1381,89.00
453,1340,482,1338,485,1377,456,1379,1
607,1433,703,1433,703,1478,607,1478,89.00
69,1435,216,1435,216,1478,69,1478,TOTAL RM
67,1484,149,1484,149,1530,67,1530,CASH
575,1483,704,1483,704,1529,575,1529,-100.00
68,1534,150,1534,150,1579,68,1579,CASH
607,1531,705,1531,705,1579,607,1579,11.00
69,1632,134,1632,134,1677,69,1677,GST
149,1633,184,1633,184,1675,149,1675,S
285,1630,338,1630,338,1678,285,1678,6%
420,1630,520,1630,520,1678,420,1678,89.00
636,1629,721,1629,721,1679,636,1679,5.04
157,1734,649,1734,649,1775,157,1775,GOODS SOLD ARE NOT RETURNABLE
290,1778,516,1782,515,1831,289,1827,/EXCHANGABLE.
156,1830,662,1832,662,1876,156,1874,THANK YOU & PLEASE COME AGAIN.
