3853,156,3872,156,3872,174,3853,174,"2
2701,638,2720,638,2720,654,2701,654,A
3657,663,3668,663,3668,672,3657,672,4
3886,988,3895,979,3902,986,3893,995,Y
1663,1269,2975,1243,2976,1320,1664,1346,MOONLIGHT CAKE HOUSE SDN BHD 862725-U
1862,1349,2775,1329,2777,1411,1863,1432,(GST REG NO: 001559298048)
794,1362,826,1371,822,1385,790,1376,..
4013,1375,4031,1375,4031,1389,4013,1389,P
902,1400,920,1400,920,1415,902,1415,.
1455,1444,3150,1410,3152,1497,1456,1532,NO.1, JALAN PERMAS 10/5, BANDAR BARU PERMAS JAYA
1523,1530,2407,1515,2409,1597,1525,1612,81750 JOHOR BAHRU, JOHOR.
1946,1611,2696,1594,2698,1676,1948,1693,WWW.MOONLIGHTCAKE.COM
4723,1843,4734,1843,4734,1852,4723,1852,-
1809,1956,2139,1948,2141,2036,1811,2044,: COUNTER
1457,1957,1656,1957,1656,2050,1457,2050,TABLE
1460,2053,2736,2022,2738,2104,1462,2135,INVOICE NO: SP-NU11-18/06/20-1022050
1812,2130,2562,2111,2564,2195,1814,2214,: 20/06/2018 18:07:10
1457,2135,1623,2135,1623,2221,1457,2221,DATE
1460,2223,2107,2208,2109,2292,1462,2307,PAYMENT TYPE: CASH
1462,2311,2560,2285,2562,2369,1464,2395,MEMBER NUMBER: 3000000100068587
3398,2342,3416,2342,3416,2357,3398,2357,,
1987,2467,2631,2455,2633,2545,1988,2556,TAKE AWAY
1137,2584,1159,2595,1140,2629,1119,2618,*S
2755,2625,3096,2616,3098,2708,2757,2716,RM4.15 ST
1465,2653,2319,2636,2321,2720,1467,2737,T-BUTTER SLICE CHEESE *#
2652,2718,2917,2709,2920,2797,2655,2805,RM-0.41
1460,2742,1757,2736,1759,2818,1462,2824,DISCOUNT
2760,2802,3096,2794,3098,2881,2762,2889,RM3.30 ST
2594,2818,2624,2812,2635,2861,2605,2868,7
1465,2830,2182,2815,2183,2897,1467,2912,T-GREEN TEA MOCHI *#
2652,2893,2922,2885,2925,2972,2655,2981,RM-0.33
1460,2914,1759,2910,1760,2995,1461,3000,DISCOUNT
2762,2977,3096,2969,3098,3055,2764,3063,RM3.70 ST
4508,2984,4529,2984,4529,2999,4508,2999,2
1465,3001,2078,2992,2079,3076,1467,3086,T-HONEY WALNUT *#
2656,3065,2925,3058,2927,3144,2658,3151,RM-0.37
1465,3087,1761,3083,1762,3164,1467,3168,DISCOUNT
2763,3149,3099,3141,3101,3227,2766,3235,RM4.60 ST
1467,3170,2009,3162,2010,3246,1468,3254,T-SAHA BREAD *#
2599,3162,2633,3157,2640,3216,2607,3220,*
2658,3238,2925,3232,2927,3321,2660,3328,RM-0.46
1465,3259,1762,3253,1764,3341,1467,3347,DISCOUNT
4209,3368,4223,3368,4223,3385,4209,3385,>
2834,3407,3101,3400,3103,3488,2836,3495,RM14.18
1930,3423,2634,3409,2636,3493,1932,3507,TOTAL (INCL GST, 0%)
2867,3491,3102,3484,3105,3574,2870,3581,RMO.02
2345,3501,2643,3501,2643,3589,2345,3589,ROUNDING
2867,3591,3091,3585,3095,3713,2871,3719,.20
2213,3638,2563,3638,2563,3736,2213,3736,GRAND TOTA
2832,3805,3108,3800,3110,3893,2834,3898,RM20.20
2276,3814,2652,3807,2654,3899,2277,3905,TOTAL PAID
4734,3873,4750,3873,4750,3887,4734,3887,*
2868,3891,3108,3886,3110,3981,2869,3986,RM6.00
2417,3897,2653,3897,2653,3994,2417,3994,CHANGE
1474,4092,2048,4088,2049,4173,1475,4176,DISCOUNT SUMMARY
3837,4227,3870,4227,3870,4257,3837,4257,4
1476,4264,2085,4253,2086,4344,1478,4356,BIRTHDAY DISCOUNT
2311,4250,2546,4246,2548,4332,2313,4336,RM1.57
2111,4389,2137,4389,2137,4411,2111,4411,C
1478,4436,1876,4432,1876,4518,1479,4522,GST SUMMARY
2557,4589,2822,4583,2825,4675,2560,4682,GST(RM)
2142,4600,2504,4591,2506,4677,2144,4685,AMOUNT(RM)
1931,4602,2100,4602,2100,4687,1931,4687,ITEM
1482,4610,1882,4610,1882,4695,1482,4695,GST SUMMARY
2559,4680,2725,4675,2728,4763,2562,4768,0.00
1472,4694,1747,4690,1748,4783,1474,4787,ST = 0%
2148,4687,2341,4687,2341,4771,2148,4771,14.18
1934,4699,1987,4699,1987,4769,1934,4769,4
2557,4763,2726,4756,2730,4849,2561,4856,0.00
2140,4771,2306,4771,2306,4859,2140,4859,0.00
1474,4782,1746,4776,1748,4868,1476,4875,NS = 0%
1933,4781,1991,4781,1991,4857,1933,4857,0
1479,4952,2166,4941,2167,5035,1481,5047,20/06/2018 18:07:10
3321,5301,3331,5301,3331,5309,3321,5309,2
3728,5768,3746,5762,3753,5782,3735,5788,:
3703,5911,3719,5911,3719,5929,3703,5929,-
3876,5967,3918,5967,3918,5988,3876,5988,R: 4
4434,6358,4447,6358,4447,6367,4434,6367,-
3714,6413,3726,6413,3726,6425,3714,6425,-
1417,6506,1431,6489,1444,6500,1430,6517,∴
