54,245,793,252,793,296,53,290,KING'S CONFECTIONERY S7B 2735OO-U (KSB)
54,299,573,299,573,343,54,343,NO.41, JALAN SERI BINTANG 2
53,348,398,350,397,395,53,393,TAMAN SRI BINTANG,
55,400,418,400,418,441,55,441,52100 KUALA LUMPUR,
55,449,493,452,493,493,55,491,TEL N0:- 012 - 602 8832
56,501,492,501,492,548,56,548,(GST ID : 000294060032)
189,551,690,553,690,593,188,591,TAXINVOICE
56,600,815,602,815,643,56,641,INV NO :KSB80051978 DATE:11703/18 21:30
55,653,322,653,322,691,55,691,CASHIER:FT8303
447,650,590,650,590,696,447,696,CTR :02
71,753,156,753,156,794,71,794,CODE
242,752,325,752,325,794,242,794,DESC
411,748,480,756,474,806,405,798,QTY
524,753,572,753,572,796,524,796,RM
598,753,649,753,649,796,598,796,D%
693,754,760,754,760,797,693,797,AMT
75,853,380,853,380,894,75,894,201019 KAYA PUFF
483,852,573,852,573,898,483,898,1.60
599,854,627,854,627,894,599,894,0
690,852,820,848,821,897,692,900,6.40 S
408,855,438,855,438,892,408,892,4
73,900,384,902,384,946,73,944,231027 SLICE CAK
412,905,435,905,435,941,412,941,SOD
484,901,574,901,574,947,484,947,8.70
600,903,628,903,628,944,600,944,0
692,901,819,901,819,948,692,948,8.70 S
76,952,441,952,441,997,76,997,101110 CHEESE LE 1
482,949,632,949,632,1000,482,1000,3.50 30
692,951,821,951,821,999,692,999,2.45 S
75,1004,440,1004,440,1045,75,1045,251030 CHEESE TA 1
483,1003,574,1003,574,1047,483,1047,3.40
695,1004,818,1004,818,1047,695,1047,3,40 S
598,1006,628,1006,628,1044,598,1044,0
76,1051,383,1053,383,1095,76,1093,171153 D/R BUTTE
483,1053,573,1053,573,1098,483,1098,4.20
693,1053,819,1053,819,1099,693,1099,4.20 S
406,1058,436,1058,436,1092,406,1092,1
598,1056,627,1056,627,1093,598,1093,0
242,1150,311,1161,303,1207,235,1195,QTY
676,1154,779,1154,779,1198,676,1198,25.15
411,1156,441,1156,441,1194,411,1194,8
396,1205,630,1205,630,1254,396,1254,ROUNDING ADJ
695,1205,777,1205,777,1247,695,1247,Q,00
644,1219,658,1219,658,1233,644,1233,-
395,1300,462,1306,458,1352,391,1346,DUE
676,1303,780,1303,780,1348,676,1348,25.15
391,1349,461,1356,457,1405,387,1399,FAY
676,1354,780,1354,780,1397,676,1397,25.15
392,1450,517,1455,515,1503,390,1498,CHANGE
693,1451,779,1451,779,1496,693,1496,0.00
133,1552,755,1555,755,1599,133,1596,(TOTAL INCLUDED GST @ 6X : 1.42)
54,1602,793,1604,793,1644,54,1642,GOODS SOLD NOT RETURNABLE/EXCHANGEABLE!
57,1652,604,1652,604,1693,57,1693,THANK YOU PLEASE COME AGAIN!!
58,1702,604,1702,604,1743,58,1743,TASTY BAKING HEALTHY NATION!!
57,1749,795,1758,795,1802,56,1793,==VISIT US ONLINE AT WWW.KINGS,COM-MY==
