174,341,674,334,674,378,175,384,99 5PEED NART 5/8 (519537-X)
226,385,627,380,628,428,226,434,LOT P.T. 3319B, BATU 4
213,436,642,431,642,477,213,481,JALAN KAPAR, MUKIM KAPAR
249,484,627,481,627,528,249,531,42100 KLANG, SELANGOR
267,535,592,532,593,574,268,578,1174-PERMATA NAGNA
214,586,663,582,663,624,214,627,GST IO. NO : 000181747712
196,684,697,682,697,727,196,729,INVOICE NO : 17698/103/70184
89,781,224,779,225,826,90,829,09:28PM
391,783,508,783,508,827,391,827,560811
657,781,812,783,811,830,656,827,04-06-16
93,884,579,884,579,924,93,924,9178 GARDENIA SOUIGGLES CHO
656,881,812,883,811,926,655,924,RM2.10 5
124,931,347,929,347,971,124,974,@2 XRM 1.05
92,1030,632,1030,632,1074,92,1074,TOTAL SALES (INCLUSIVE SST) RM
690,1029,777,1029,777,1078,690,1078,2.10
497,1078,634,1078,634,1125,497,1125,CASH RM
688,1077,777,1080,776,1129,686,1126,5.10
463,1129,636,1129,636,1174,463,1174,CHANGE RN
691,1131,778,1131,778,1176,691,1176,3.00
88,1220,301,1226,299,1279,87,1273,GST SUMMARY
374,1227,559,1227,559,1272,374,1272,AMOUNT(RM)
657,1226,791,1229,790,1276,656,1274,TAX(RM)
86,1274,208,1274,208,1318,86,1318,S. = 6%.
477,1274,565,1274,565,1323,477,1323,1.98
725,1277,795,1277,795,1325,725,1325,.12
183,1422,682,1429,681,1474,182,1466,THANK YOU, PLEASE COME AGAIN
89,1474,785,1480,785,1524,89,1519,KEEP THE INVOICE FOR APPLICABLE RETURNS
