428,131,647,114,651,171,432,187,"OSTED
133,228,518,221,518,264,134,272,BEMED (SP) SDN. BHD.
160,272,498,268,498,301,160,306,NO.49, JALAN OINAR G U3/G,
223,312,439,312,439,345,223,345,SUBANG PERDANA,
124,346,571,335,572,387,125,397,40150 SHAH ALAM, SELANGOR D..
244,387,416,389,415,420,244,418,03-7845 8155
169,426,487,424,487,458,169,460,GST REG : 001734164480
205,476,454,476,454,507,205,507,CASH RECEIPT
358,521,621,512,622,547,359,556,15/APR/2017 04:56:46
44,518,320,523,319,554,43,549,CB# : 83679570470
43,556,245,561,244,598,42,594,CASHIER: BE()
43,602,102,602,102,633,43,633,QTY
115,599,286,603,286,635,114,631,CODE&DESC
403,600,480,598,481,632,405,634,PRICE
504,599,583,595,585,629,505,632,TOTAL
40,640,649,636,649,679,40,683,PRISTIN OMEGA-3 FISH OIL 2X15O'S(VIP)
522,688,586,685,588,719,523,722,300
584,687,629,684,631,712,586,715,8R
63,691,207,693,207,725,62,722,1 209250
378,692,478,689,479,722,379,725,300.00
40,741,576,736,577,773,40,777,ALPHA LIPID LIFE LINE 450MG 450G
521,785,631,778,634,813,524,821,330 8R
62,786,207,788,206,823,61,821,2 184810
380,788,479,786,480,819,381,821,105.00
42,835,458,833,458,870,42,872,8O-(DERMAPRO OINT) 15G
555,876,637,871,639,905,557,910,5 ERL
61,878,207,880,206,915,60,913,1 178104
413,879,480,876,481,912,415,915,5.00
62,934,89,934,89,965,62,965,4
120,930,205,933,204,976,118,973,TYPE:
234,934,260,932,262,967,237,969,3
522,977,624,974,625,1009,523,1011,835.00
42,977,179,981,178,1015,41,1012,SUBTOTAL:
44,1018,248,1021,248,1059,43,1056,ROUNDING ADJ :
557,1016,626,1016,626,1050,557,1050,0.00
491,1064,631,1060,632,1102,492,1107,635.00
96,1069,411,1069,411,1107,96,1107,AL INDUSIVE GST:
43,1113,175,1115,174,1148,42,1145,MASTER
523,1114,622,1109,624,1142,524,1147,835.00
43,1180,255,1184,255,1217,42,1214,GST SUMMARY:
377,1179,488,1179,488,1211,377,1211,AMOUNT
574,1175,635,1175,635,1210,574,1210,TAX
394,1212,488,1212,488,1249,394,1249,(MYR)
539,1209,635,1209,635,1249,539,1249,(MYR)
552,1262,640,1262,640,1299,552,1299,35.08
41,1267,92,1267,92,1299,41,1299,SR
390,1266,488,1266,488,1298,390,1298,594.34
422,1374,490,1374,490,1407,422,1407,5.00
569,1372,637,1372,637,1406,569,1406,0.00
40,1375,107,1375,107,1410,40,1410,ZRL
42,1478,300,1477,300,1509,42,1510,ONG GUAT CHYE
41,1523,152,1523,152,1559,41,1559,POINTS :
41,1556,127,1556,127,1591,41,1591,1.124
248,1575,436,1575,436,1612,248,1612,THANK YOU.
181,1615,505,1615,505,1653,181,1653,PLEASE COME AGAIN.
