3849,140,3872,140,3872,156,3849,156,$=
2989,880,3060,850,3068,870,2997,899,ON
1769,979,3078,975,3078,1035,1769,1038,MOONLIGHT CAKE HOUSE SDN BHD BOZTZ5-U
1964,1047,2877,1044,2877,1122,1965,1126,(GST REG NO: 001559298048)
1556,1135,3254,1129,3254,1212,1556,1217,NO.1, JALAN PERMAS 10/5, BANDAR BARU PERMAS JAYA
4297,1177,4320,1177,4320,1191,4297,1191,"*
1622,1221,3255,1215,3256,1296,1623,1302,81750 JOHOR BAHRU, JOHOR. TEL NO.: 07-387 3322
2047,1310,2796,1307,2796,1386,2047,1389,WWW.MOONLIGHTCAKE.COM
4013,1361,4026,1361,4026,1370,4013,1370,P
4446,1395,4474,1401,4470,1422,4441,1416,V
564,1649,580,1649,580,1663,564,1663,-
1549,1649,1746,1649,1746,1742,1549,1742,TABLE
1904,1654,2232,1654,2232,1735,1904,1735,: COUNTER
1550,1742,2824,1731,2824,1815,1551,1826,INVOICE NO: SP-NU11-18/06/09-1018481
1904,1831,2653,1824,2653,1903,1905,1910,: 09/06/2018 18:47:29
1543,1828,1711,1828,1711,1914,1543,1914,DATE
4521,1891,4542,1891,4542,1917,4521,1917,:
1547,1916,2198,1910,2199,1994,1547,2000,PAYMENT TYPE: CASH
1545,2001,2647,1994,2648,2078,1545,2086,MEMBER NUMBER: 3000000100068587
3932,1991,3941,1991,3941,2000,3932,2000,4
2075,2172,2716,2168,2717,2252,2076,2256,TAKE AWAY
2841,2338,3181,2334,3182,2422,2842,2426,RM2.25 ST
1549,2347,2301,2347,2301,2429,1549,2429,T-BUTTER SUGAR BUN *#
2679,2350,2713,2348,2717,2414,2684,2416,Y
2735,2428,3006,2422,3008,2509,2737,2516,RM-0.45
1542,2429,1843,2433,1842,2519,1541,2515,DISCOUNT
2840,2512,3184,2508,3186,2599,2841,2603,RM3.20 ST
1547,2520,2297,2520,2297,2603,1547,2603,T-COOKIE CREAM BUN *#
2683,2524,2715,2524,2715,2591,2683,2591,1
1131,2566,1152,2573,1140,2610,1119,2603,"
2734,2603,3006,2599,3008,2687,2735,2691,RM-0.16
1542,2608,1841,2608,1841,2694,1542,2694,DISCOUNT
2840,2691,3179,2687,3180,2771,2841,2775,RM3.30 ST
1545,2698,2260,2698,2260,2775,1545,2775,T-GREEN TEA MOCHI *#
652,2751,699,2726,710,2746,663,2771,.
2736,2777,3003,2773,3004,2855,2737,2859,RM-0.16
1542,2782,1839,2782,1839,2863,1542,2863,DISCOUNT
1543,2866,2438,2861,2438,2945,1544,2950,T-PASTRY CHICKEN FLOSS *#
2841,2859,3177,2855,3178,2943,2842,2947,RM3.20 ST
2677,2871,2704,2869,2708,2931,2682,2933,7
2734,2949,3003,2945,3004,3032,2735,3037,RM-0.16
1540,2950,1841,2950,1841,3038,1540,3038,DISCOUNT
4503,2970,4526,2970,4526,2985,4503,2985,6
2838,3036,3176,3032,3177,3118,2839,3122,RM4.60 ST
1545,3043,2082,3043,2082,3122,1545,3122,T-SAHA BREAD *#
2683,3048,2710,3048,2710,3105,2683,3105,—
1538,3127,1837,3127,1837,3215,1538,3215,DISCOUNT
2736,3126,3000,3126,3000,3208,2736,3208,RM-0.23
1998,3298,2707,3292,2708,3381,1998,3387,TOTAL (INCL GST, 0%)
2908,3294,3174,3290,3175,3378,2910,3382,RM15.39
4201,3355,4219,3348,4227,3366,4208,3373,-
2412,3382,2717,3382,2717,3475,2412,3475,ROUNDING
2940,3380,3172,3376,3173,3467,2942,3472,RM0.01
2649,3475,3172,3471,3173,3613,2650,3617,RM15.40
2280,3522,2641,3522,2641,3615,2280,3615,GRAND TOTA
2341,3692,2718,3692,2718,3785,2341,3785,TOTAL PAID
2901,3693,3175,3688,3177,3783,2903,3787,RM50.00
2480,3778,2719,3782,2717,3879,2478,3874,CHANGE
2903,3780,3175,3780,3175,3873,2903,3873,RM34.60
1535,3960,2113,3966,2112,4050,1534,4044,DISCOUNT SUMMARY
1533,4132,1830,4132,1830,4220,1533,4220,DISCOUNT
2373,4132,2609,4132,2609,4215,2373,4215,RM1.16
3826,4208,3869,4208,3869,4245,3826,4245,5
1534,4306,1933,4312,1932,4398,1532,4392,GST SUMMARY
2111,4374,2128,4374,2128,4389,2111,4389,5
1533,4481,1935,4485,1934,4569,1532,4565,GST SUMMARY
1989,4483,2150,4487,2148,4566,1987,4562,ITEM
2199,4480,2563,4480,2563,4566,2199,4566,AMOUNT(RM)
2616,4476,2875,4476,2875,4564,2616,4564,GST(RM)
2616,4564,2784,4564,2784,4652,2616,4652,0.00
1529,4567,1799,4567,1799,4655,1529,4655,ST = 0%
1987,4571,2044,4571,2044,4646,1987,4646,5
2200,4567,2394,4567,2394,4652,2200,4652,15.39
1529,4653,1797,4653,1797,4741,1529,4741,NS = 0%
2193,4650,2361,4650,2361,4738,2193,4738,0.00
2616,4650,2782,4650,2782,4738,2616,4738,0.00
1984,4657,2044,4657,2044,4732,1984,4732,0
1531,4825,2214,4825,2214,4915,1531,4915,09/06/2018 18:47:30
4166,5244,4177,5244,4177,5253,4166,5253,+
2486,5257,2503,5257,2503,5273,2486,5273,R
373,5534,393,5534,393,5548,373,5548,••
4718,5681,4734,5681,4734,5695,4718,5695,.
3724,5751,3744,5751,3744,5769,3724,5769,*
3742,5783,3763,5783,3763,5799,3742,5799,-
3868,5946,3919,5950,3917,5975,3866,5970,*"
280,6113,298,6095,312,6109,294,6127,AN"
4813,6160,4833,6152,4845,6180,4824,6188,:
3496,6174,3509,6182,3502,6192,3489,6184,V
3915,6692,3943,6692,3943,6706,3915,6706,#
