126,105,735,101,736,141,126,144,ASO ELECTRICAL TRADING SDN BHD
361,151,507,150,507,186,361,187,1000131-K
221,198,642,196,642,231,222,233,NO 31G, JALAN SEPADU C 25/C,
210,234,657,232,657,267,210,269,SECTION 25, TAMAN INDUSTRIES,
192,270,673,268,674,302,192,304,AXIS 40400 SHAH ALAM, SELANGOR.
124,315,769,312,769,347,124,351,TEL : 03-51221701, 51313091 FAX : 03-51215716
302,364,614,364,614,395,302,395,GST NO : 000683900928
361,415,556,415,556,450,361,450,TAX INVOICE
103,469,195,469,195,502,103,502,BILL TO :
101,541,410,541,410,577,101,577,RECEIPT#: CS00087400
550,547,762,547,762,580,550,580,DATE: 27/09/2017
102,578,266,578,266,616,102,616,SALESPERSON:
550,595,733,595,733,629,550,629,TIME: 10:51:00
103,616,302,616,302,647,103,647,CASHIER: USER
549,678,634,678,634,715,549,715,(GST)
681,678,764,678,764,717,681,717,(GST)
103,712,168,712,168,746,103,746,ITEM
331,710,384,715,381,752,328,747,QTY
430,712,494,712,494,746,430,746,RSP
560,711,625,711,625,744,560,744,RSP
653,710,765,710,765,745,653,745,AMOUNT
109,751,206,751,206,783,109,783,107636
346,753,368,753,368,781,346,781,3
428,751,502,751,502,781,428,781,78.00
553,750,628,750,628,783,553,783,82.68
678,752,766,752,766,781,678,781,248.04
103,787,697,786,697,819,103,820,SR: HAGER TIMER, 24HRS POWER RESERVE
178,826,305,826,305,857,178,857,TOT QTY:
347,828,369,828,369,856,347,856,3
680,826,774,826,774,855,680,855,248.04
271,892,612,890,612,927,272,929,(EXCLUDED GST) SUB TOTAL :
683,891,773,891,773,924,683,924,234.00
477,940,612,940,612,972,477,972,DISCOUNT :
715,939,775,939,775,970,715,970,0.00
462,988,614,988,614,1021,462,1021,TOTAL GST :
702,987,775,987,775,1020,702,1020,14.04
427,1036,616,1036,616,1078,427,1078,ROUNDING :
701,1036,772,1036,772,1074,701,1074,0.01
499,1084,620,1084,620,1120,499,1120,TOTAL :
666,1085,775,1085,775,1120,666,1120,248.015
490,1132,622,1132,622,1167,490,1167,CASH :
666,1133,776,1133,776,1168,666,1168,248.015
459,1176,618,1176,618,1218,459,1218,CHANGE :
701,1176,777,1176,777,1214,701,1214,0.00
112,1280,392,1280,392,1321,112,1321,GST SUMMARY
127,1346,272,1345,273,1381,127,1382,TAX CODE
357,1346,387,1346,387,1382,357,1382,%
477,1348,591,1348,591,1380,477,1380,AMOUNT
710,1347,779,1347,779,1381,710,1381,GST
132,1382,185,1384,183,1421,130,1418,SR
364,1384,389,1384,389,1417,364,1417,6
494,1385,591,1385,591,1418,494,1418,234.00
697,1384,780,1384,780,1420,697,1420,14.04
294,1435,388,1435,388,1467,294,1467,TOTAL :
495,1436,591,1436,591,1468,495,1468,234.00
698,1435,779,1435,779,1468,698,1468,14.04
195,1497,701,1499,700,1533,195,1531,GOODS SOLD ARE NOT RETURNABLE,
371,1534,533,1536,533,1570,370,1568,THANK YOU.
