179,345,678,342,678,386,180,389,99 SPEED MART S/8 (519537-X)
231,394,630,392,631,437,231,439,LOT P.T. 33198, BATU 4
217,442,645,440,645,488,217,490,JALAN KAPAR, MUKIM KAPAR
249,492,631,489,632,537,250,540,42100 KLANG, SELANGOR
322,542,561,540,562,585,322,588,1320-TMN BATU
218,594,664,594,664,635,218,635,GST ID. NO : 000181747712
199,695,700,693,701,735,199,737,INVOICE NO : 17566/102/T0280
93,793,228,793,228,836,93,836,08:25PM
394,793,508,793,508,836,394,836,559843
660,791,811,793,810,840,659,837,03-02-16
95,891,576,894,576,935,95,932,2838 YONGCHUN LOKAM MANDARI
639,892,811,894,811,939,638,937,RM82.80 Z
129,942,366,942,366,985,129,985,@6 X RM 13.80
94,1041,636,1043,636,1087,94,1085,TOTAL SALES (INCLUSIVE GST) RM
676,1043,774,1043,774,1087,676,1087,82.80
463,1091,636,1091,636,1137,463,1137,CREDIT RM
676,1094,774,1094,774,1136,676,1136,82.80
463,1140,635,1142,634,1188,463,1186,CHANGE RM
707,1143,774,1143,774,1186,707,1186,.00
91,1234,299,1241,298,1294,89,1286,GST SUMMARY
376,1242,558,1242,558,1284,376,1284,AMOUNT(RM)
658,1239,792,1242,791,1288,657,1286,TAX(RM)
87,1289,211,1287,212,1334,87,1337,Z = 01%
463,1290,562,1290,562,1335,463,1335,82.80
727,1293,791,1293,791,1338,727,1338,.00
182,1438,684,1445,683,1490,181,1482,THANK YOU, PLEASE COME AGAIN
92,1489,787,1494,787,1541,92,1537,KEEP THE INVOICE FOR APPLICABLE RETURNS
