323,166,626,166,626,211,323,211,OLD ASIA
245,218,729,218,729,261,245,261,OWN BY: CHEF LEE SDN BHD
405,267,741,267,741,312,405,312,CO. NO. (458592-T)
125,368,840,368,840,414,125,414,LG226, LGF, 1 UTAMA SHOPPING CENTRE,
83,418,857,416,857,463,83,465,LEBUH BANDAR UTAMA, 47800 PETALING JAYA.
364,466,781,466,781,513,364,513,GST NO: 001406865408)
324,517,650,517,650,561,324,561,TEL: 03-77100299
303,615,648,615,648,663,303,663,DUPLICATE RECEIPT
640,715,770,715,770,765,640,765,MC #01
83,765,888,765,888,816,83,816,REG YENG LIN 13-02-2016 02:29 PM 088341
80,901,358,901,358,993,80,993,TABLE NO. 10
204,1045,588,1043,589,1091,204,1093,SEAFOOD FRIED PRICE
663,1045,813,1045,813,1092,663,1092,RM13. 50
843,1047,890,1047,890,1092,843,1092,SR
204,1096,394,1096,394,1141,204,1141,FISH HEAD
663,1096,811,1096,811,1142,663,1142,RM11, 50
841,1095,894,1095,894,1143,841,1143,SR
203,1144,394,1144,394,1193,203,1193,FISH CAKE
681,1144,812,1144,812,1194,681,1194,RM7, 90
842,1144,896,1144,896,1194,842,1194,SR.
205,1199,569,1199,569,1240,205,1240,G. CRISPY CHIC RICE
663,1199,810,1199,810,1242,663,1242,RM15.90
842,1199,893,1199,893,1243,842,1243,SR
205,1247,550,1247,550,1291,205,1291,V. GRILL CHIC RICE
663,1246,812,1246,812,1292,663,1292,RM16,50
843,1247,893,1247,893,1292,843,1292,SR
203,1295,472,1295,472,1343,203,1343,W/MELON JUICE
682,1296,812,1296,812,1343,682,1343,RM7, 50
843,1297,893,1297,893,1342,843,1342,SR
202,1343,334,1343,334,1393,202,1393,RIBENA
682,1346,812,1346,812,1393,682,1393,RM5, 90
843,1347,892,1347,892,1393,843,1393,SR
204,1392,277,1392,277,1444,204,1444,2X
563,1401,592,1401,592,1438,563,1438,@
642,1395,733,1395,733,1444,642,1444,1.90
207,1445,532,1445,532,1490,207,1490,ICED CHINESE TEA
683,1445,813,1445,813,1491,683,1491,RM3. 80
842,1446,893,1446,893,1491,842,1491,SR
541,1495,632,1495,632,1541,541,1541,9 NO
205,1543,455,1543,455,1590,205,1590,SERV. CHG. 10%
682,1544,811,1544,811,1590,682,1590,RM8.25
206,1593,412,1593,412,1639,206,1639,GST TA AMT
662,1593,811,1593,811,1640,662,1640,RM90. 75
204,1640,337,1640,337,1690,204,1690,GST 6%
681,1641,813,1641,813,1691,681,1691,RM5.45
204,1689,394,1692,393,1739,204,1737,SUBTOTAL
525,1691,811,1694,810,1738,525,1736,RM96. 20
204,1739,296,1739,296,1788,204,1788,CASH
642,1739,814,1741,813,1790,642,1788,RM100,00
206,1789,472,1791,472,1837,206,1835,YOUR CHANGE
682,1791,814,1793,813,1840,681,1837,RM3.80
204,1838,504,1840,504,1887,204,1885,TAX INVOICE NO.
683,1841,813,1841,813,1887,683,1887,039170
266,1938,688,1940,688,1988,266,1986,TAX INVOICE
206,2037,752,2039,752,2086,206,2084,THANK YOU PLEASE COME AGAIN
