414,174,663,168,663,192,414,198,PERNIAGAAN ZHENG HUI
489,198,589,195,590,216,490,219,JM0325955-V
446,218,632,213,633,233,446,239,NO.59 JALAN PERMAS 9/6
431,239,647,233,647,253,431,259,BANDAR BARU PERMAS JAYA
460,258,618,254,619,274,461,278,81750 JOHOR BAHRU
418,279,688,272,688,292,418,298,TEL :07-386 7524 FAX :07-386 3793
465,300,639,297,639,317,466,320,GST NO : 000800589824
452,331,653,326,653,347,453,352,SIMPLIFIED TAX INVOICE
358,361,633,356,633,377,359,382,GOGIANT ENGINEERING (M) SDN BHD
359,391,527,386,527,406,360,412,RECEIPT#: CS00084670
358,413,449,410,450,430,359,433,SALESPERSON:
601,412,718,407,719,428,602,433,DATA: 09/03/2018
358,433,469,430,470,450,359,452,CASHIER: USER
602,432,702,429,702,449,603,451,TIME: 08:49:00
610,464,649,461,651,484,612,487,(RM)
690,460,729,460,729,483,690,483,(RM)
560,481,590,481,590,502,560,502,QTY
613,481,648,481,648,499,613,499,RSP
668,480,727,479,728,497,668,498,AMOUNI
358,486,395,486,395,505,358,505,ITEM
510,502,581,502,581,523,510,523,G7 I801 1
608,501,656,501,656,519,608,519,170.00
679,500,727,498,728,517,680,519,170.0C
361,507,408,507,408,526,361,526,10273
360,528,644,521,644,541,361,548,SR: 14" TRU-CUT CUTTING DISC (1 PC)
489,548,562,544,563,568,490,572,GA-1807
688,544,729,544,729,563,688,563,35.GC
360,552,401,552,401,571,360,571,2547
559,548,583,548,583,567,559,567,1
611,546,654,546,654,565,611,565,35.00
361,574,638,566,638,587,362,595,SR: KOBELCO G-12#(2.6MM) WELDING
362,597,408,594,409,613,363,616,12133
490,592,584,587,585,613,491,618,GA1801 2
614,591,650,591,650,609,614,609,7.50
688,590,728,587,729,606,689,609,15.0C
362,618,572,612,573,632,363,637,SR: C$ 3" (750) PAINT BRUSH
485,636,557,632,558,657,486,660,GA1801
688,634,729,632,730,651,689,653,11.0C
362,641,408,639,409,658,363,660,10157
564,637,584,637,584,654,564,654,2
614,635,649,635,649,654,614,654,5.50
363,663,573,657,574,677,364,683,SR: CS 2" (750) PAINT BRUSH
508,681,583,679,584,704,509,706,69180: 1
615,680,650,680,650,699,615,699,3.50
697,680,730,680,730,697,697,697,3.5C
364,686,409,686,409,705,364,705,12131
363,706,598,701,599,722,364,727,SR: CS 1-1/2" (750) PAINT BRUSH
499,725,583,721,584,746,500,750,GA 18011
688,724,730,721,731,740,689,743,26.0C
362,731,475,726,476,747,363,752,9555752615725
613,726,655,726,655,745,613,745,25.00
363,751,722,743,723,763,364,771,SR: 2" LAMBWOOL YANDA ROLLER REFIL - 20 PCS
503,771,585,768,586,793,504,796,GA1801 1
615,771,650,768,652,788,616,791,6.00
698,768,731,768,731,787,698,787,6.0C
364,775,402,775,402,794,364,794,2226
363,795,624,790,625,810,364,815,SR: DIAMOND COTTON GLOVE B104
499,813,566,809,567,837,500,841,GA1801
558,815,583,811,585,832,561,836,5
618,814,652,814,652,833,618,833,1.00
699,814,732,814,732,831,699,831,5.0C
364,818,403,818,403,837,364,837,3679
364,840,650,834,650,854,365,860,SR: 10# WELDING GLASS (BLACK) 1PCS
364,864,405,864,405,883,364,883,3680
495,860,591,856,592,880,496,885,GA1801 10
617,859,652,859,652,879,617,879,0.30
699,857,732,857,732,876,699,876,3.0C
406,874,411,869,415,873,410,878,,
364,885,617,879,618,902,365,908,SR: WELDING GLASS (CLEAR) 1 PC
490,903,551,899,552,924,491,928,G11801
570,904,586,904,586,925,570,925,2
617,904,653,904,653,923,617,923,8.00
693,903,732,903,732,921,693,921,16.0C
364,908,477,906,478,925,365,928,9555058800696
366,931,691,924,691,941,366,948,SR: AEC BROOM NO.511O# CW IRON HANDLE
488,948,547,944,548,970,490,974,GB1801
365,952,402,952,402,972,365,972,6891
568,949,584,947,587,968,571,970,2
616,948,657,948,657,967,616,967,12.00
692,947,733,947,733,966,692,966,24.0C
365,973,712,967,713,987,366,993,SR: S/STEEL DUST PAN L CA HANDLE 23 X 28 X
404,993,514,993,514,1014,404,1014,TOT QTY. 28
682,990,731,988,732,1007,683,1009,313.50
678,1035,728,1033,729,1052,679,1054,313.50
418,1039,640,1035,640,1056,418,1060,(EXCLUDED GST) SUB TOTAL (RM) :
527,1064,641,1062,641,1082,527,1085,DISCOUNT (RM):
695,1061,730,1061,730,1079,695,1079,0.00
687,1087,729,1084,730,1103,688,1106,18.81
521,1089,642,1086,642,1107,521,1110,TOTAL GST (RM) :
494,1118,645,1114,645,1138,495,1141,ROUNDING (RM) :
683,1115,728,1115,728,1134,683,1134,-0.01
533,1142,645,1140,645,1164,533,1166,TOTAL (RM) :
669,1141,730,1141,730,1162,669,1162,332.30
668,1167,730,1165,731,1186,669,1188,332.30
572,1169,644,1166,646,1188,574,1191,CASH :
511,1194,645,1192,645,1216,511,1218,CHANGE (RM) :
690,1192,730,1192,730,1211,690,1211,0.00
367,1253,520,1248,520,1272,368,1277,GST SUMMARY
511,1285,528,1285,528,1306,511,1306,%
578,1286,642,1283,643,1304,579,1307,AMOUNT
694,1283,732,1283,732,1302,694,1302,GST
377,1289,454,1286,455,1307,378,1309,TAX CODE
687,1304,731,1302,732,1320,688,1323,18.81
380,1309,409,1309,409,1328,380,1328,SR
515,1307,528,1307,528,1324,515,1324,6
589,1306,642,1306,642,1323,589,1323,313.50
588,1332,641,1330,642,1351,589,1353,313.50
687,1331,730,1331,730,1350,687,1350,18.81
477,1335,529,1335,529,1353,477,1353,TOTAL:
411,1378,688,1374,688,1394,411,1398,GOODS SOLD ARE NOT RETURNABLE.
505,1399,598,1399,598,1416,505,1416,THANK YOU.
