82,151,529,149,530,179,83,181,PINGHWAI TRADING SDN BHD
236,178,377,178,377,206,236,206,(1211036-W)
77,210,535,209,536,236,78,238,NO.2, JALAN METRO PERDANA TIMUR 11,
117,243,495,242,495,266,117,267,KEPONG ENTERPRENUERS PARK,
191,271,423,271,423,295,191,295,OFF JALAN KEPONG,
178,302,433,301,433,325,178,326,52100 KUALA LUMPUR.
94,334,283,334,283,355,94,355,TEL:0122648835
308,333,520,331,520,355,308,357,FAX:603-62592420
183,364,432,364,432,388,183,388,GST ID :001371123712
227,402,388,402,388,426,227,426,TAX INVOICE
28,439,116,439,116,464,28,464,DOC NO.
170,439,325,439,325,463,170,463,: CS00020001
401,438,587,438,587,462,401,462,DATE:23/09/2017
28,471,113,471,113,496,28,496,CASHIER
170,471,259,471,259,496,170,496,: USER
400,471,562,471,562,495,400,495,TIME: 12:11:00
406,504,459,504,459,530,406,530,REF.:
28,506,183,506,183,533,28,533,SALESPERSON :
349,547,413,547,413,577,349,577,(GST)
466,548,527,548,527,575,466,575,(GST)
27,574,74,574,74,597,27,597,ITEM
189,569,232,572,230,600,187,597,QTY
258,574,329,574,329,596,258,596,S/PRICE
348,573,417,573,417,595,348,595,S/PRICE
451,573,527,573,527,594,451,594,AMOUNT
545,570,587,573,586,596,543,593,TAX
29,600,89,600,89,622,29,622,17007
183,600,238,600,238,622,183,622,65.00
267,598,322,598,322,623,267,623,15.50
354,599,408,599,408,620,354,620,15.50
448,599,530,599,530,623,448,623,1,007.50
542,600,584,600,584,622,542,622,ZRL
130,623,321,623,321,650,130,650,UDANG KERING
56,683,155,686,155,715,55,712,TOTAL QTY:
177,684,241,684,241,710,177,710,65.00
439,684,532,681,533,709,439,712,1,007.50
439,724,532,724,532,752,439,752,1,007.50
112,727,417,727,417,751,112,751,TOTAL SALES (EXCLUDING GST):
302,765,417,765,417,790,302,790,DISCOUNT:
481,764,533,764,533,790,481,790,0.00
288,802,419,802,419,829,288,829,TOTAL GST :
481,802,533,802,533,828,481,828,0.00
295,841,419,841,419,870,295,870,ROUNDING:
482,841,533,841,533,868,482,868,0.00
66,881,532,880,533,908,66,909,TOTAL SALES (INCLUSIVE OF GST) : 1,007.50
326,919,423,919,423,944,326,944,CASH :
439,919,532,919,532,944,439,944,1,100.00
302,946,421,948,420,979,302,977,CHANGE :
470,948,533,948,533,974,470,974,92.50
68,1019,244,1019,244,1044,68,1044,GST SUMMARY
238,1054,266,1054,266,1083,238,1083,%
317,1054,424,1054,424,1082,317,1082,AMT (RM)
467,1054,570,1054,570,1082,467,1082,TAX(RM)
73,1055,181,1055,181,1080,73,1080,TAX CODE
72,1079,126,1082,125,1114,70,1111,ZRL
241,1084,263,1084,263,1110,241,1110,0
330,1084,424,1084,424,1112,330,1112,1,007.50
519,1084,571,1084,571,1110,519,1110,0.00
201,1117,278,1117,278,1142,201,1142,TOTAL:
328,1116,422,1116,422,1144,328,1144,1,007.50
519,1116,571,1116,571,1142,519,1142,0.00
66,1174,558,1173,558,1198,66,1199,GOODS SOLD ARE NOT RETURNABLE, THANK YOU..
