362,270,631,272,630,350,361,348,EXPRINT
368,344,638,346,638,370,368,368,S JADA CRWEIAFY
151,396,694,399,694,436,151,433,ANZEL ADVERTISING (M) SDN BHD (759705-H)
163,431,684,433,684,467,163,465,UNIT G-5B, GROUND FOOR, WISMA UOA 1I,
286,466,557,468,557,503,286,500,NO 21, JALAN PINANG,
220,497,618,502,618,536,220,531,50460 KUALA LUMPUR, MALAYSIA
202,531,641,533,641,567,202,565,TEL: 03-2163 2788/03-2181 8708
263,567,580,569,580,604,263,602,GST NO: 002121732088
312,649,525,651,524,686,311,684,TACASHSALES
409,693,646,696,646,727,409,724,NO. :U0A-C818-01576
416,754,468,757,466,794,413,791,QTY
519,754,636,754,636,789,519,789,RM TA
142,809,411,815,410,853,141,847,A4 BW SIMILL 0GSM @
488,814,547,814,547,849,488,849,7.00
593,814,701,814,701,850,593,850,7.42 BF
143,841,204,844,203,878,142,875,1.00
139,900,467,902,467,939,139,937,TOTAL ANT IND GST @ 6% :
590,901,651,904,650,939,589,936,7.42
207,938,469,942,468,977,207,973,ROUNDING ADJUSIMENT:
579,942,654,942,654,980,579,980,(0.01)
237,979,475,982,474,1019,237,1016,TOTAL AM POYABLE:
595,984,660,984,660,1017,595,1017,7.40
309,1017,476,1020,475,1054,308,1051,PAID AMOUNT:
588,1020,659,1020,659,1054,588,1054,10.00
360,1058,477,1058,477,1097,360,1097,CHENGE:
599,1059,661,1059,661,1094,599,1094,2.60
255,1097,478,1097,478,1138,255,1138,TOTAL GAY TENDER :
636,1101,660,1101,660,1132,636,1132,7
321,1237,511,1239,510,1277,320,1275,THANK YOU
175,1276,651,1280,651,1317,175,1313,FOR ANY ENQUIRY, PLEASE E-MAIL US:
251,1313,569,1315,569,1353,251,1351,WWW.EXPRINTSHOP.COM
210,1355,603,1357,603,1395,210,1393,E: EXPRINTUOAKL@GMALL.COM
234,1405,587,1407,587,1445,234,1443,09:13 AM, 21 MARCH, 2018
155,1524,341,1534,339,1569,153,1559,GST SUMMERY
265,1527,284,1527,284,1534,265,1534,T
400,1533,502,1536,501,1564,399,1561,AMOUNT
434,1561,500,1561,500,1596,434,1596,(RM)
598,1562,663,1562,663,1596,598,1596,(RM)
160,1591,207,1591,207,1629,160,1629,SR
319,1595,339,1595,339,1606,319,1606,422
438,1602,498,1602,498,1632,438,1632,7.00
577,1596,596,1596,596,1609,577,1609,1
607,1597,628,1597,628,1609,607,1609,AUT
244,1629,259,1629,259,1639,244,1639,SS
613,1632,635,1632,635,1643,613,1643,WA
439,1640,494,1640,494,1666,439,1666,7.00
603,1640,660,1642,659,1668,602,1666,0.42
630,1665,657,1665,657,1681,630,1681,2
208,1667,229,1667,229,1678,208,1678,C
288,1667,311,1667,311,1679,288,1679,2
320,1670,336,1670,336,1678,320,1678,S
579,1667,596,1667,596,1679,579,1679,2
605,1666,629,1666,629,1681,605,1681,1
371,1797,534,1795,535,1830,372,1833,THANK YOU
258,1839,647,1834,647,1871,258,1876,FORARRY ENQUIRY, PLEASE E-MAL US:
335,1898,579,1892,579,1926,336,1932,21/03/2016 09:13:31
