46,143,450,142,450,167,46,168,DION REALTIES SDN BHD (CA. NO:20154-T)
49,174,428,174,428,201,49,201,(GST REGISTRATION NO : 000650247680)
46,208,344,208,344,236,46,236,MENARA DIAN #02-03, LEVEL 2,
47,243,301,243,301,270,47,270,27, JALAN SUITAN ISMAIL,
46,277,249,277,249,305,46,305,50250 KUALA LUMPUR.
46,311,272,311,272,338,46,338,TAL : +6 03 2026 6366
44,346,272,346,272,373,44,373,FAX : +6 03 2026 6387
47,417,231,417,231,444,47,444,>>>TAX INVOICE<<<
47,486,378,486,378,513,47,513,TAX INVDICE NO. 4953/0602/00602
215,519,368,517,369,545,215,547,25/06/18 11:18
350,585,432,585,432,613,350,613,5.00 RM
47,586,317,587,317,614,47,613,010100 PAY PARKING TICKET
49,622,379,622,379,646,49,646,25/06/18 11:03 - 25/06/18 11:18
47,656,421,656,421,683,47,683,LENGTH OF STAY: 0 DY. 0 HR. 15 HIN.
101,689,399,689,399,716,101,716,02992887002011018176397900??
121,760,294,760,294,787,121,787,AMOUNT INCL, GST
352,760,434,760,434,788,352,788,5.00 RM
121,830,273,830,273,857,121,857,ACCEPTED TOTAL
344,829,434,829,434,857,344,857,10.00 RM
119,863,191,863,191,892,119,892,CHANGE
352,862,434,862,434,891,352,891,5.00 RM
119,896,189,896,189,926,119,926,G.S.T.
258,897,307,897,307,925,258,925,0.00
354,898,433,898,433,924,354,924,0.00 RM
48,966,474,967,474,987,48,986,************************************
45,999,75,999,75,1024,45,1024,**
205,995,307,998,307,1026,204,1024,THANK YOU
446,999,479,999,479,1024,446,1024,**
51,1036,473,1036,473,1053,51,1053,**********X
