43,141,446,141,446,168,43,168,DION REALTIES SDN BHD (CO. NO:20154-T)
46,177,425,177,425,204,46,204,(GST REGISTRATION NO : 000850247680)
42,211,341,213,341,241,42,239,KENARA DION #02-03, LEVEL 2,
42,246,298,246,298,276,42,276,27, JALAN SULTAN ISNAIL,
43,282,246,282,246,310,43,310,50250 KUALA LUMPUR.
41,316,270,316,270,346,41,346,TEL : +6 03 2026 6386
41,353,268,353,268,380,41,380,FAX : T6 03 2026 6387
42,424,227,424,227,451,42,451,>>>TAX INVOICE<<<
43,492,374,492,374,519,43,519,TAX INV0ICE NO. 7698/0601/00601
213,526,364,526,364,554,213,554,28/05/18 11:41
42,595,312,597,312,625,42,623,010100 PAY PARKING TICKET
345,596,428,596,428,624,345,624,5.00 RH
42,630,376,631,375,658,42,657,28/05/18 11:23 - 28/05/18 11:40
42,665,417,665,417,695,42,695,LENGTH OF STAY: 0 DY. 0 HR. 17 HIN.
95,702,396,704,396,732,95,730,02992887002011018148410260??
116,773,289,773,289,800,116,800,AMOUNT INCL. GST
348,773,430,773,430,802,348,802,5.00 RM
116,840,268,840,268,868,116,868,ACCEPTED TOTAL
340,840,429,840,429,869,340,869,10.00 RH
115,874,187,874,187,904,115,904,CHANGE
347,875,430,875,430,904,347,904,5.00 RH
114,906,187,906,187,935,114,935,GST 6%
349,908,430,908,430,936,349,936,0.28 RH
43,978,469,980,469,999,43,997,*******************
40,1010,72,1010,72,1034,40,1034,**
200,1006,302,1009,302,1038,199,1035,THANK YOU
443,1012,474,1012,474,1036,443,1036,**
43,1046,469,1048,469,1068,43,1066,**************************************
