186,334,695,334,695,378,186,378,MR. D.I.Y. (KUCHAI) SDN BHD
128,385,749,387,749,430,128,428,LOT 1851-A & 1851-B, JALAN KPB 6,
148,436,732,438,732,479,148,477,KAWASAN PERINDUSTRIAN BALAKONG,
168,488,732,488,732,531,168,531,43300 SERI KEMBANGAN, SELANGOR
206,539,673,539,673,583,206,583,(GST ID NO :000473792512)
353,588,530,588,530,637,353,637,(SG WANG)
72,689,434,689,434,729,72,729,SPONGE DISHES 6103#
779,688,830,688,830,730,779,730,*S
73,740,434,740,434,778,73,778,UH14-21-32 - 12/120
69,791,209,791,209,830,69,830,9068739
482,789,661,789,661,834,482,834,1 X 3.30
702,789,792,789,792,833,702,833,3.30
72,892,284,892,284,940,72,940,ITEM(S) : 1
633,893,827,893,827,939,633,939,QTY(S) : 1
687,990,829,990,829,1036,687,1036,RM 3.30
73,995,414,995,414,1033,73,1033,TOTAL INCL. GST@6X
69,1044,156,1044,156,1085,69,1085,CASH
687,1042,830,1042,830,1084,687,1084,RM 3.30
72,1144,545,1144,545,1184,72,1184,GST @6X INCLUDED IN TOTAL
630,1143,773,1141,773,1183,631,1186,RM 0.19
574,1244,827,1244,827,1285,574,1285,T3 R000034325
74,1246,530,1246,530,1283,74,1283,17-04-16 14:02 SH01 B019
71,1293,454,1293,454,1334,71,1334,OPERATOR CHC - JIVAN
184,1396,696,1395,696,1432,184,1433,EXCHANGE ARE ALLOWED WITHIN
258,1445,623,1445,623,1483,258,1483,3 DAY WITH RECEIPT.
223,1495,673,1495,673,1534,223,1534,STRICTLY NO CASH REFUND.
