3863,151,3879,151,3879,167,3863,167,2
4011,947,4027,947,4027,965,4011,965,T
2612,1042,3060,1071,3048,1251,2601,1223,A04067
805,1361,824,1361,824,1375,805,1375,.
1695,1393,2936,1380,2937,1463,1695,1475,SELASIH EK5LUSIF SDN 8HD (524101-D)
2502,1482,2660,1482,2660,1570,2502,1570,(JB)
1977,1494,2033,1494,2033,1573,1977,1573,D
2160,1491,2202,1497,2192,1570,2149,1564,..
2333,1487,2380,1487,2380,1566,2333,1566,{-
2047,1508,2091,1499,2104,1566,2060,1574,F
2080,1504,2142,1509,2136,1580,2074,1575,L
2186,1495,2320,1502,2316,1576,2181,1569,FEE
2354,1496,2495,1496,2495,1579,2354,1579,ZONE
2014,1508,2068,1508,2068,1570,2014,1570,U
2483,1585,2740,1590,2738,1676,2482,1671,SULTAN
2008,1592,2114,1597,2109,1676,2003,1671,JAL
1910,1600,2001,1600,2001,1673,1910,1673,88
2088,1601,2130,1601,2130,1666,2088,1666,T-
2112,1598,2218,1598,2218,1677,2112,1677,AN
2116,1689,2170,1689,2170,1777,2116,1777,5
2159,1702,2198,1699,2203,1768,2164,1771,.
2188,1705,2241,1705,2241,1772,2188,1772,U
2232,1696,2264,1696,2264,1766,2232,1766,1*+
2251,1698,2354,1698,2354,1779,2251,1779,AN
2433,1701,2484,1701,2484,1770,2433,1770,3
2510,1701,2551,1701,2551,1768,2510,1768,OD
2435,1791,2482,1791,2482,1863,2435,1863,69
2463,1786,2540,1786,2540,1868,2463,1868,AT
2024,1803,2059,1803,2059,1859,2024,1859,CC
2051,1803,2075,1803,2075,1856,2051,1856,"URN
2070,1803,2095,1803,2095,1856,2070,1856,B*****
2170,1798,2188,1798,2188,1812,2170,1812,T*
2235,1795,2270,1798,2265,1863,2230,1861,BRETY
2528,1815,2549,1815,2549,1852,2528,1852,40
2736,1880,2940,1880,2940,1964,2736,1964,216888
2049,1891,2098,1891,2098,1970,2049,1970,1.*
2088,1893,2130,1893,2130,1968,2088,1968,E
2122,1894,2156,1892,2160,1965,2127,1967,"1**41
2151,1887,2206,1887,2206,1971,2151,1971,Y
2222,1887,2276,1887,2276,1971,2222,1971,E5
2621,1893,2657,1897,2650,1958,2615,1955,"*
1739,1899,1773,1901,1768,1970,1735,1968,YO
2435,1904,2478,1900,2483,1962,2441,1965,3
2593,1900,2620,1900,2620,1954,2593,1954,*
1763,1908,1815,1908,1815,1973,1763,1973,$
1844,1909,1878,1913,1870,1973,1836,1969,I
1964,1907,1989,1907,1989,1959,1964,1959,*
2214,1907,2225,1917,2214,1928,2204,1917,"
2488,1908,2514,1908,2514,1961,2488,1961,*5,*"
2507,1907,2540,1907,2540,1963,2507,1963,AT
1431,1991,1446,1991,1446,2008,1431,2008,1
2123,1994,2162,1994,2162,2068,2123,2068,FNJ
2149,1989,2206,1989,2206,2073,2149,2073,D
2466,1989,2516,1989,2516,2064,2466,2064,113
2508,1994,2536,1992,2541,2058,2513,2060,"YMS7
2577,1994,2610,1992,2615,2059,2581,2062,GRA
2317,2005,2336,2005,2336,2057,2317,2057,**2*4
2334,2005,2352,2005,2352,2054,2334,2054,#740
2385,2003,2410,2010,2396,2060,2371,2054,**
2375,2000,2403,2000,2403,2012,2375,2012,4
2410,2000,2435,2000,2435,2012,2410,2012,4
2667,2001,2687,2001,2687,2052,2667,2052,,**9
2195,2010,2222,2010,2222,2066,2195,2066,4 N
2283,2007,2303,2007,2303,2057,2283,2057,*****
2061,2015,2082,2015,2082,2061,2061,2061,3-2.V**
2260,2194,2299,2194,2299,2271,2260,2271,8
2361,2194,2414,2194,2414,2273,2361,2273,0
2403,2194,2436,2194,2436,2266,2403,2266,FAD
4559,2187,4568,2187,4568,2198,4559,2198,1
2294,2200,2318,2200,2318,2264,2294,2264,**
2316,2195,2340,2198,2333,2265,2309,2263,A1*7**
2132,2210,2151,2210,2151,2261,2132,2261,****
2177,2210,2195,2210,2195,2257,2177,2257,*TIG
2458,2210,2473,2210,2473,2228,2458,2228,*
3400,2335,3416,2335,3416,2350,3400,2350,(
2473,2391,2512,2395,2502,2473,2463,2468,FRONG
1626,2399,1667,2399,1667,2477,1626,2477,GRM
1874,2401,1908,2401,1908,2471,1874,2471,"G4*
1983,2404,2002,2406,1995,2460,1976,2457,821*4
2507,2396,2539,2396,2539,2466,2507,2466,EPAE)
2538,2396,2566,2399,2559,2462,2531,2459,BORTES"
2560,2403,2579,2403,2579,2457,2560,2457,****
2630,2401,2650,2401,2650,2454,2630,2454,.****
1663,2414,1691,2420,1679,2475,1651,2469,JARE*
1769,2411,1798,2413,1793,2472,1765,2470,0 04
1908,2406,1930,2408,1925,2461,1904,2460,*OT*
1930,2409,1949,2411,1944,2460,1925,2458,*4***
1945,2406,1965,2408,1960,2461,1941,2460,*E4S.*
1964,2408,1982,2408,1982,2461,1964,2461,."****
2002,2406,2021,2408,2017,2461,1997,2460,,"EN*
2246,2410,2264,2410,2264,2459,2246,2459,*0
2283,2410,2296,2410,2296,2459,2283,2459,,**:
2348,2406,2368,2406,2368,2459,2348,2459,*
2419,2406,2438,2406,2438,2459,2419,2459,*****,
2766,2414,2784,2414,2784,2433,2766,2433,*
2798,2410,2821,2410,2821,2435,2798,2435,2
2176,2415,2190,2415,2190,2442,2176,2442,**
1682,2428,1702,2428,1702,2470,1682,2470,**
1747,2439,1761,2443,1755,2461,1742,2456,:
2849,2487,3039,2487,3039,2564,2849,2564,89282
1736,2499,1771,2501,1766,2575,1731,2573,****
1769,2498,1808,2498,1808,2575,1769,2575,4FA
1883,2505,1908,2505,1908,2519,1883,2519,A
1947,2498,1980,2498,1980,2571,1947,2571,EY*1
1660,2512,1696,2508,1703,2572,1667,2576,,FED
1697,2513,1741,2513,1741,2573,1697,2573,3
2001,2512,2019,2512,2019,2559,2001,2559,**G
2613,2511,2641,2514,2637,2567,2608,2564,S
1806,2517,1834,2517,1834,2571,1806,2571,AN N
2541,2516,2563,2519,2556,2564,2534,2560,LOO**
2558,2524,2579,2524,2579,2563,2558,2563,***
2570,2519,2610,2516,2614,2564,2573,2567,=
2586,2517,2609,2517,2609,2533,2586,2533,4
1883,2531,1899,2531,1899,2545,1883,2545,#
1897,2542,1911,2542,1911,2559,1897,2559,*
1138,2576,1159,2584,1147,2621,1125,2614,"I.
2085,2601,2111,2599,2118,2662,2092,2665,"OR
2187,2598,2221,2595,2228,2666,2194,2669,RPONAL
1704,2613,1730,2613,1730,2638,1704,2638,3
2259,2610,2292,2610,2292,2668,2259,2668,IN E1
1663,2622,1705,2631,1697,2672,1654,2662,3
1668,2615,1697,2615,1697,2638,1668,2638,-
1771,2617,1793,2617,1793,2649,1771,2649,5
1705,2629,1735,2629,1735,2666,1705,2666,E
1771,2642,1793,2642,1793,2668,1771,2668,=
2706,2789,2932,2789,2932,2863,2706,2863,ANOUNT
1834,2805,1867,2812,1857,2866,1823,2859,1.
1868,2805,1905,2800,1915,2860,1877,2866,AOR2S
1626,2813,1644,2813,1644,2861,1626,2861,9*
1797,2812,1831,2807,1839,2860,1805,2865,P1
1935,2809,1988,2815,1983,2866,1930,2860,,0
1855,2822,1876,2822,1876,2854,1855,2854,*
1998,2834,2012,2834,2012,2856,1998,2856,-**
1837,2994,1869,2994,1869,3066,1837,3066,-2
1820,3002,1840,3004,1835,3058,1816,3056,*+*2
1887,2997,1913,3005,1897,3063,1871,3055,******
2012,3001,2026,3001,2026,3040,2012,3040,444
2086,3001,2112,3001,2112,3062,2086,3062,G**
1714,3006,1734,3006,1734,3059,1714,3059,TT M"
1664,3095,1697,3097,1692,3170,1659,3168,$***1
1693,3099,1718,3099,1718,3168,1693,3168,**
1709,3101,1734,3101,1734,3164,1709,3164,"*)"
1772,3101,1797,3101,1797,3164,1772,3164,$
1850,3095,1875,3097,1870,3165,1846,3163,*+"
1957,3103,1977,3103,1977,3161,1957,3161,G'**
1973,3099,1991,3099,1991,3161,1973,3161,225O:4
2011,3097,2034,3099,2029,3165,2006,3163,,*3HEG*
2032,3095,2049,3097,2043,3161,2025,3160,SE**P**
2046,3097,2065,3098,2061,3159,2041,3158,BU
1940,3108,1957,3108,1957,3155,1940,3155,7***.
1617,3194,1665,3194,1665,3273,1617,3273,1*
1726,3192,1757,3190,1764,3268,1733,3270,FHENOF
1830,3194,1873,3194,1873,3266,1830,3266,M
2044,3205,2063,3205,2063,3254,2044,3254,T-
1693,3210,1735,3210,1735,3271,1693,3271,S
1755,3208,1809,3208,1809,3268,1755,3268,D
1959,3206,1977,3206,1977,3257,1959,3257,604
2010,3208,2024,3208,2024,3248,2010,3248,**
2028,3206,2047,3206,2047,3254,2028,3254,,**
2715,3229,2739,3229,2739,3254,2715,3254,I
2782,3236,2842,3236,2842,3255,2782,3255,',"
4639,3382,4654,3382,4654,3397,4639,3397,•
1751,3394,1792,3387,1804,3461,1763,3468,PRE
1822,3392,1910,3392,1910,3468,1822,3468,RM
2702,3386,2853,3391,2851,3463,2700,3458,270.
1624,3399,1656,3399,1656,3464,1624,3464,J
1652,3405,1705,3405,1705,3464,1652,3464,0
3899,3415,3907,3415,3907,3424,3899,3424,4
2900,3611,2914,3611,2914,3645,2900,3645,**†•
2815,3636,2833,3636,2833,3652,2815,3652,A
1613,3693,2053,3683,2055,3774,1615,3784,CHANGE IN RM
2734,3678,2858,3689,2850,3773,2727,3762,30.
2824,3678,2928,3678,2928,3771,2824,3771,,00
1637,3890,1664,3892,1657,3958,1631,3955,2*
1796,3888,1836,3891,1831,3961,1791,3958,"RFN
2872,3887,2919,3887,2919,3966,2872,3966,P*
1751,3901,1806,3901,1806,3962,1751,3962,0
1871,3904,1880,3896,1887,3903,1878,3911,4
1931,3913,1954,3913,1954,3962,1931,3962,4+
1952,3913,1973,3913,1973,3959,1952,3959,"***†
3402,4003,3412,4003,3412,4011,3402,4011,(
2003,4094,2029,4099,2018,4162,1991,4158,,*$*
2790,4093,2995,4086,2997,4163,2792,4170,ANOUN
1729,4102,1773,4112,1761,4166,1717,4156,5
1797,4104,1822,4104,1822,4157,1797,4157,*****
2517,4103,2609,4103,2609,4166,2517,4166,O5
2980,4104,3008,4102,3013,4155,2985,4158,.-LL
1749,4111,1799,4111,1799,4162,1749,4162,=
2181,4115,2192,4115,2192,4124,2181,4124,*
1652,4192,1677,4192,1677,4204,1652,4204,T
2448,4190,2482,4188,2486,4261,2453,4263,3**F
2558,4189,2599,4189,2599,4259,2558,4259,3
2865,4194,2921,4194,2921,4257,2865,4257,0
2176,4196,2207,4196,2207,4210,2176,4210,D4S
2854,4195,2880,4203,2864,4259,2838,4251,$***.*"
2956,4196,2965,4196,2965,4204,2956,4204,K
2990,4196,3002,4196,3002,4204,2990,4204,38
2995,4201,3014,4201,3014,4250,2995,4250,*****
3837,4218,3869,4218,3869,4248,3837,4248,G
2525,4234,2547,4234,2547,4257,2525,4257,J
1819,4386,1851,4384,1856,4459,1824,4461,$0**-2
1647,4388,1673,4386,1678,4454,1651,4456,"T!
1682,4389,1716,4389,1716,4460,1682,4460,P
1749,4388,1780,4386,1785,4459,1754,4461," B]
2307,4390,2341,4388,2345,4461,2312,4463,2
2488,4392,2516,4392,2516,4413,2488,4413,*
1950,4401,1964,4401,1964,4424,1950,4424,•*
2093,4403,2144,4403,2144,4464,2093,4464,M
2238,4400,2273,4395,2283,4461,2247,4467,5-
2084,4410,2103,4410,2103,4457,2084,4457,***^
2192,4407,2212,4409,2207,4458,2188,4456,****
2227,4422,2241,4422,2241,4453,2227,4453,**
1795,4491,1928,4484,1933,4564,1800,4572,SOL
1651,4490,1707,4490,1707,4553,1651,4553,0
1696,4494,1722,4498,1715,4549,1688,4545,T
1709,4490,1736,4492,1731,4556,1705,4554,HEND
1973,4490,2109,4490,2109,4566,1973,4566,ARE
2125,4492,2183,4492,2183,4564,2125,4564,N
2514,4490,2562,4490,2562,4566,2514,4566,C
2580,4492,2622,4489,2627,4564,2585,4566,L..J
1610,4496,1647,4496,1647,4550,1610,4550,G
1640,4501,1660,4501,1660,4545,1640,4545,W"EO
2201,4502,2235,4497,2242,4558,2209,4562,.…….
2377,4497,2396,4497,2396,4553,2377,4553,A
2398,4497,2415,4497,2415,4552,2398,4552,*°3)*
2428,4496,2452,4496,2452,4560,2428,4560,*
1598,4570,1944,4579,1941,4679,1595,4670,THANK YOU
2753,4906,2780,4928,2768,4943,2741,4920,X
3552,5022,3569,5022,3569,5039,3552,5039,$
4425,5167,4438,5167,4438,5180,4425,5180,1
2496,5260,2516,5280,2502,5294,2482,5274,T
2054,5337,2075,5337,2075,5351,2054,5351,-
372,5544,394,5540,397,5557,376,5561,+•
3876,5583,3897,5583,3897,5599,3876,5599,1
3733,5755,3753,5764,3746,5779,3726,5771,"
4586,5965,4600,5965,4600,5993,4586,5993,•.
2974,6072,2986,6072,2986,6081,2974,6081,,
4823,6167,4839,6164,4844,6187,4827,6191,:
377,6246,396,6246,396,6260,377,6260,-
3079,6530,3092,6530,3092,6542,3079,6542,+
