47,141,428,141,428,165,47,165,SANJUNG REALITI SDN. BHD. (779763-K)
48,173,428,173,428,200,48,200,(GST REGISTRATION NO.: 001751072768)
47,205,344,207,343,235,46,233,CAR PARK OFFICE, BASAMENT 1,
46,242,303,242,303,269,46,269,LEBUHRAYA SPRINT, PJU6A,
47,274,356,277,356,305,46,302,47400 PETALING JAYA, SELANGOR
45,309,473,310,473,340,45,339,TEL.: +603 7726 2929 FAX: +603 7726 1326
151,380,357,380,357,407,151,407,>>> TAX INVOICE <<<
47,449,386,449,386,473,47,473,TAX INV0ICE NO.: 0714/0601/00601
225,480,379,480,379,507,225,507,27/06/18 10:08
46,549,315,549,315,576,46,576,010100 PAY PARKING TICKET
352,550,431,550,431,575,352,575,1.50 RM
46,583,378,583,378,610,46,610,27/06/18 09:49 - 27/06/18 10:08
44,616,419,618,418,645,44,643,LENGTH OF STAY: 0 DY. 0 HR. 19 MIN.
97,648,399,651,399,681,97,678,02472951053011038178353570??
118,719,252,719,252,747,118,747,TOTAL AMOUNT
351,720,432,720,432,749,351,749,1.50 RH
119,789,269,789,269,813,119,813,ACCEPTED TOTAL
349,787,432,787,432,815,349,815,2.00 RH
117,818,189,821,188,850,116,847,CHANGE
350,820,432,820,432,848,350,848,0.50 RM
118,854,188,854,188,880,118,880,GST 0%
351,855,431,855,431,880,351,880,0.00 RM
46,923,471,925,471,945,46,943,***********************************
202,952,306,954,306,985,201,983,THANK YOU
42,958,71,956,72,978,44,980,**
445,957,475,957,475,982,445,982,**
46,992,471,994,471,1014,46,1012,*****************************************
