3270,81,3286,81,3286,96,3270,96,*
4600,247,4616,247,4616,261,4600,261,:
2706,626,2718,626,2718,638,2706,638,4
4011,942,4026,942,4026,958,4011,958,C.
2434,1227,2924,1216,2927,1367,2437,1378,A05036
792,1343,844,1361,837,1381,786,1363,..•.
1350,1462,2687,1420,2689,1497,1353,1539,UNIHAKKA INTERNATIONAL SDN BHD
3913,1451,3925,1451,3925,1463,3913,1463,V
1768,1530,2271,1513,2273,1585,1770,1602,07 MAY 2018 18:21
1868,1607,2183,1597,2185,1676,1871,1686,(867388-U)
1451,1706,2602,1667,2605,1739,1453,1778,12, JALAN TAMPOI 7/4,KAWASAN PERINDUSTRIAN
1587,1786,2463,1759,2465,1829,1589,1856,TAMPOI,81200 JOHOR BAHRU, JOHOR
1833,1860,2218,1846,2220,1913,1836,1927,TAX INVOICE
1301,1951,2128,1925,2131,1992,1303,2018,INVOICE # : OR18050702170462
2621,2021,2780,2021,2780,2100,2621,2100,TOTAL
1766,2046,1885,2051,1880,2137,1762,2132,QTY
1298,2063,1432,2063,1432,2138,1298,2138,ITEM
1299,2160,2259,2134,2261,2211,1302,2237,SR 100100000035- 1 MEAT + 3 VEGE
2607,2209,2780,2204,2782,2288,2609,2293,$7.10
1303,2249,1471,2245,1473,2323,1305,2328,$7.10
1771,2247,1825,2247,1825,2307,1771,2307,1
3398,2331,3407,2331,3407,2342,3398,2342,$
1308,2374,2287,2346,2289,2423,1310,2451,SR I00100000170- IMPORTED VEGGIES
2610,2426,2782,2422,2784,2506,2613,2511,$1.60
1306,2467,1474,2460,1477,2539,1310,2546,$1.60
1779,2463,1827,2463,1827,2519,1779,2519,1
1136,2568,1160,2579,1142,2615,1119,2603," "
2242,2590,2780,2572,2782,2643,2244,2660,TOTAL AMOUNT: $8.70
2314,2669,2787,2653,2790,2732,2317,2748,GST @6%: $0.49
656,2752,696,2732,706,2751,666,2771,, :
2344,2753,2787,2739,2789,2811,2346,2825,NETT TOTAL: $8.70
2568,2863,2792,2855,2795,2928,2571,2937,AMOUNT
1319,2898,1723,2888,1725,2962,1321,2972,PAYMENT MODE
2623,2947,2793,2943,2795,3022,2625,3026,$8.70
4505,2976,4526,2970,4531,2987,4509,2992,"
1321,2986,1510,2981,1512,3057,1323,3061,CASH
2627,3029,2796,3029,2796,3113,2627,3113,$0.00
1323,3071,1550,3071,1550,3152,1323,3152,CHANGE
2639,3236,2805,3236,2805,3315,2639,3315,TAX($)
2082,3258,2319,3253,2321,3322,2083,3326,AMOUNT($)
1332,3280,1675,3276,1676,3338,1332,3342,GST SUMMARY
2688,3337,2801,3332,2804,3395,2690,3400,0.49
2210,3347,2321,3342,2325,3409,2213,3414,8.21
1331,3371,1685,3364,1686,3425,1333,3433,SR = GST @6%
4211,3361,4219,3361,4219,3369,4211,3369,,
3897,3412,3909,3412,3909,3420,3897,3420,4
1712,3489,2412,3469,2414,3534,1714,3554,GST REG #000656195584
1594,3573,2536,3548,2537,3615,1596,3640,BAR WANG RICE@PERMAS JAYA
1747,3649,2384,3630,2386,3707,1749,3726,(PRICE INCLUSIVE OF GST)
1721,3735,2412,3716,2414,3783,1722,3801,THANK YOU & COME AGAIN!
1641,3815,2497,3793,2499,3858,1643,3880,LIKE AND FOLLOW US ON FACEBOOK!
1691,3898,2451,3879,2453,3951,1692,3970,FACEBOOK.COM/BARWANGRICE
2475,4048,2513,3983,2537,3997,2499,4061,WRECSM,"
3835,4211,3867,4211,3867,4243,3835,4243,Π
3546,5020,3562,5020,3562,5037,3546,5037,•
2273,5185,2296,5185,2296,5199,2273,5199,•
2523,5294,2534,5305,2525,5314,2514,5302,√
4448,5380,4457,5380,4457,5388,4448,5388,+
4653,5676,4679,5676,4679,5697,4653,5697,3
3728,5753,3744,5753,3744,5771,3728,5771,,
285,6100,307,6100,307,6125,285,6125,I
4824,6165,4841,6165,4841,6185,4824,6185,:
1418,6483,1431,6483,1431,6495,1418,6495,.
2500,6492,2523,6492,2523,6514,2500,6514,*
3918,6695,3941,6695,3941,6709,3918,6709,P
2133,6809,2146,6809,2146,6821,2133,6821,3
