3865,158,3885,158,3885,174,3865,174,"
3664,663,3680,663,3680,677,3664,677,*
3523,777,3532,777,3532,789,3523,789,,
2035,835,2472,852,2464,1048,2027,1031,AO5117
1984,919,1998,919,1998,935,1984,935,{
1118,1130,2725,1113,2726,1214,1119,1230,OLD TOWN WHITE COFFE
1444,1233,2457,1224,2458,1308,1445,1317,OLD TOWN KOPITIAM SDN BHD
1723,1325,2129,1319,2130,1412,1724,1418,(716269-X)
1406,1430,2440,1422,2440,1512,1406,1519,NO,35, JALAN KEBUDAYAAN 8,
1208,1528,2646,1519,2646,1603,1209,1612,TAMAN UNIVERSITY,81300 SKUDAI, JOHOR
2950,1541,2978,1535,2982,1557,2954,1562,..
1638,1621,2212,1617,2213,1701,1639,1705,TEL :07-5550139
1365,1723,2485,1712,2486,1796,1366,1807,OUTLET: J18 TAMAN UNIVERSITY
1680,1917,2138,1913,2139,1996,1681,2000,TAX INVOICE
1517,2010,2288,2005,2289,2096,1517,2101,GST ID:000801587200
3944,2012,3960,2012,3960,2022,3944,2022,•
2311,2292,2732,2292,2732,2389,2311,2389,2003 RAJAN
1115,2305,1532,2301,1533,2397,1116,2402,2 COUNTER1
3407,2349,3416,2349,3416,2359,3407,2359,1
2429,2492,2731,2492,2731,2585,2429,2585,COVER:2
1122,2505,1576,2499,1577,2589,1123,2595,CHECK:24382
1561,2600,2290,2592,2291,2683,1562,2691,05 MAY 18 18:06:40
1116,2700,2090,2688,2092,2864,1118,2875,TABLE:20 / 1
1483,2952,2244,2952,2244,3036,1483,3036,--- DINE IN -----
2352,3034,2662,3034,2662,3141,2352,3141,10.28 S
1271,3047,1462,3043,1465,3141,1274,3146,ST15
1133,3057,1173,3057,1173,3134,1133,3134,1
1318,3149,1973,3143,1973,3234,1318,3240,DN3 DRY CURRY EN
2583,3138,2655,3138,2655,3238,2583,3238,S
1126,3154,1182,3154,1182,3236,1126,3236,1
2583,3226,2653,3226,2653,3329,2583,3329,S
1321,3249,2045,3243,2046,3329,1322,3335,TF16 (H) SOYA MILK
1128,3254,1177,3254,1177,3334,1128,3334,1
2375,3327,2660,3327,2660,3434,2375,3434,5 19 S
1281,3342,2047,3336,2047,3432,1281,3438,LB2 SPRING ROLL BKT
4646,3394,4662,3394,4662,3408,4646,3408,•
2380,3433,2654,3429,2655,3523,2381,3528,8.96 S
1119,3445,1184,3445,1184,3529,1119,3529,1
1277,3442,1927,3436,1928,3531,1278,3536,FS2 ORG YOG SMOT
2347,3633,2565,3633,2565,3717,2347,3717,24.43
1237,3638,1608,3638,1608,3729,1237,3729,SUB TOTAL
2382,3727,2567,3727,2567,3818,2382,3818,2.45
1244,3736,1723,3736,1723,3827,1244,3827,10% SRV CHG:
2389,3824,2565,3824,2565,3917,2389,3917,1.61
1237,3832,1540,3832,1540,3925,1237,3925,GST @6%
2345,3924,2565,3924,2565,4015,2345,4015,28.49
1237,3932,1487,3932,1487,4022,1237,4022,TOTAL:
2380,4020,2563,4020,2563,4113,2380,4113,0.01
1235,4031,1605,4031,1605,4124,1235,4124,ROUNDING:
1233,4131,1487,4125,1489,4216,1235,4223,TOTAL:
2343,4122,2565,4122,2565,4211,2343,4211,28.50
1230,4224,1450,4224,1450,4320,1230,4320,PAID:
2341,4221,2564,4216,2566,4307,2343,4312,50.00
3837,4231,3872,4222,3881,4253,3846,4262,\
1272,4324,1459,4324,1459,4417,1272,4417,CASH
2343,4317,2563,4317,2563,4406,2343,4406,50.00
1233,4426,1680,4420,1681,4513,1234,4519,CHANGE DUE:
2343,4418,2565,4418,2565,4504,2343,4504,21.50
3863,4508,3879,4508,3879,4518,3863,4518,•
1240,4524,1610,4520,1610,4606,1241,4610,INCLUSIVE
2380,4517,2570,4517,2570,4601,2380,4601,0 00
2553,4525,2690,4525,2690,4597,2553,4597,*
1120,4713,2713,4708,2713,4795,1121,4801,----4004 CL0SED 05 MAY 18 20:16:19---
1747,4906,2124,4900,2125,4993,1749,4999,THANK YOU
1591,5011,2281,5004,2282,5088,1591,5096,PLEASE COME AGAIN
3550,5037,3567,5037,3567,5055,3550,5055,4
1436,5111,2425,5104,2426,5186,1436,5194,GST @6% INCLUDED IN TOTAL
4179,5266,4188,5266,4188,5274,4179,5274,4
2175,5299,2472,5293,2474,5386,2177,5392,GST(RM)
1233,5304,1652,5304,1652,5390,1233,5390,GSTSUMMARY
1703,5304,2119,5300,2120,5386,1704,5390,AMOUNT(RM)
3321,5302,3342,5302,3342,5315,3321,5315,•
3168,5362,3183,5362,3183,5376,3168,5376,.
1228,5397,1929,5392,1929,5488,1228,5494,S=GST @6%: 26.88
2185,5395,2362,5395,2362,5488,2185,5488,1.61
1230,5495,1888,5492,1889,5586,1230,5590,Z=GST @0%: 0.00
2179,5495,2362,5495,2362,5586,2179,5586,0.00
3737,5765,3754,5774,3747,5788,3730,5779,•
287,6135,308,6109,323,6122,303,6147,-
4829,6181,4850,6181,4850,6206,4829,6206,:
384,6253,403,6253,403,6265,384,6265,1
2144,6820,2153,6828,2144,6837,2135,6828,1
