94,39,360,44,359,95,94,91,31705509
102,221,436,224,436,258,102,254,99 SPEED NART S/B (519537-X)
114,254,436,258,436,291,113,288,LOT P.T. 2811, JALAN ANGSA,
182,288,356,290,355,321,182,319,TAMAN BERKELEY
150,323,403,325,402,355,149,353,41150 KLANG, SELANGOR
159,357,377,357,377,387,159,387,1214-JINJANG UTARA
126,389,426,391,426,420,126,418,GST ID. NO: 000181747712
112,454,448,456,447,486,112,484,INV0ICE NO : 18028/103/T0269
43,519,133,519,133,551,43,551,02:31PH
241,521,320,521,320,552,241,552,565497
421,523,520,523,520,552,421,552,10-05-17
43,585,366,587,366,617,43,615,355 CRISPI ROLL 12 GRAIN SE
419,588,521,588,521,617,419,617,RM6.85 S
41,618,363,620,362,649,41,647,9413 CS 1002 A5 H/COVER NOT
416,617,520,620,519,651,415,649,RM4.65 S
39,685,401,686,401,715,39,714,TOTAL SALES (INCLUSIVE GST) RM
428,687,494,687,494,715,428,715,11.50
311,719,402,719,402,748,311,748,CASH RM
429,719,496,719,496,749,429,749,52.00
285,751,399,751,399,781,285,781,CHANGE RM
428,752,493,752,493,781,428,781,40.50
39,813,177,815,176,851,38,848,0ST SUNWARY
414,816,504,814,504,845,415,848,TAX(RM)
229,817,350,817,350,845,229,845,AMOUNT(RM)
39,849,120,849,120,878,39,878,5 = 67.
288,848,355,848,355,878,288,878,10.85
461,848,508,848,508,879,461,879,.65
101,949,434,949,434,979,101,979,THANK YOU, PLEASE COME AGAIN
41,981,504,982,504,1012,41,1011,KEEP THE INVOICE FOR APPLICABLE RETURNS
