335,355,572,355,572,372,335,372,TQFOR SHOPPING WITH MYNEWS.COM
334,375,532,374,532,391,335,392,PAGOH REST AND SERVICE AREA
336,395,648,395,648,412,336,412,LOT R1, KWS REHAT & RAWAT PAGOH ARAH UTARA,
335,415,678,414,678,431,335,432,SIMPANG AMPAT PAGOH, LEBUHRAYA UTARA SELATAN.,
337,436,469,436,469,450,337,450,84600,PAGOH,JOHOR
334,454,532,453,532,471,335,472,MYNEWSCARELINE : 1800 88 1231
337,475,552,475,552,491,337,491,MYNEWSCARELINE@MYNEWS.COM.MY
336,492,657,492,657,509,336,509,MYNEWS RETAIL SB(3O62S5-X) FKA BISON STORES SB
335,512,525,512,525,526,335,526,TAX REG ID CBP 000709361664
389,549,421,547,422,567,390,569,QTY
448,550,489,550,489,568,448,568,PRICE
505,549,541,549,541,567,505,567,DISC
563,550,599,550,599,568,563,568,AMT
333,567,489,567,489,591,333,591,JALAN JALAN (MAJAIAH)
334,590,354,590,354,608,334,608,02
391,591,403,591,403,608,391,608,3
449,590,488,590,488,608,449,608,10.00
505,590,536,590,536,606,505,606,0.00
565,591,630,591,630,605,565,605,10.00 ZRL
334,629,404,629,404,646,334,646,SUB TOTAL
618,628,659,628,659,646,618,646,10.00
335,649,423,649,423,666,335,666,GRAND TOTAL
618,647,659,647,659,665,618,665,10.00
618,685,658,685,658,703,618,703,20.00
334,686,438,686,438,703,334,703,CASH 20.0D MYR
335,726,417,726,417,743,335,743,CHANGE DUE
618,726,657,726,657,741,618,741,10.00
331,765,405,764,405,782,332,783,TOTAL QTY
504,766,518,766,518,781,504,781,1
332,805,485,803,485,820,333,822,ZRL: 0% GOODS:10.00
503,804,569,804,569,821,503,821,TAX: 0.00
332,843,482,842,482,859,333,861,23/03/2018 9:34:40 AM
333,862,566,861,566,878,333,879,BILL 18550 -389 - 4768- 2303180113
334,901,477,901,477,918,334,918,PRICE IS GST INCLUSIVE
785,1042,809,1042,809,1064,785,1064,4
1057,1345,1062,1345,1062,1350,1057,1350,,
