182,320,697,320,697,364,182,364,MR. D.I.Y. (KUCHAI) SDN BHD
295,372,583,372,583,410,295,410,CO-REG:750441-W
126,418,749,423,749,466,126,462,LOT 1851-A & 1851-B, JALAN KPB 6,
143,469,730,472,729,515,143,512,KAWASAN PERINDUSTRIAN BALAKONG,
165,519,733,521,733,565,164,563,43300 SERI KEMBANGAN, SELANGOR
202,572,674,572,674,615,202,615,(GST ID NO :000473792512)
368,619,530,619,530,669,368,669,(KEPONG)
307,671,564,671,564,712,307,712,-TAX INVOICE-
68,771,411,771,411,812,68,812,STORAGE BOX 70581
780,771,829,771,829,816,780,816,*S
68,822,361,820,361,861,69,863,UE21-31/2/ - 12
68,873,322,871,322,911,69,914,6936136217897
483,872,791,872,791,916,483,916,1 X 12.50 12.50
68,973,283,973,283,1022,68,1022,ITEM(S) : 1
631,970,829,972,828,1025,630,1023,QTY(S) : 1
70,1071,413,1074,413,1115,69,1113,TOTAL INCL. GST@6%
668,1071,829,1071,829,1116,668,1116,RM 12.50
67,1119,155,1119,155,1164,67,1164,CASH
667,1121,828,1123,827,1166,667,1164,RM 15.00
67,1172,188,1172,188,1215,67,1215,CHANGE
687,1171,829,1173,828,1217,687,1214,RM 2.50
70,1271,543,1271,543,1312,70,1312,GST @6% INCLUDED IN TOTAL
630,1271,771,1271,771,1314,630,1314,RM 0.71
71,1371,826,1371,826,1411,71,1411,22-04-16 13:13 SH01 B003 T1 R000406157
69,1421,696,1421,696,1461,69,1461,OPERATOR KPOC - BUDHA PRATAP SING
182,1522,696,1520,696,1560,182,1563,EXCHANGE ARE ALLOWED WITHIN
255,1572,616,1569,617,1610,255,1612,3 DAY WITH RECEIPT.
222,1622,675,1622,675,1662,222,1662,STRICTLY NO CASH REFUND.
