1087,519,1105,519,1105,535,1087,535,,
2702,630,2722,630,2722,645,2702,645,A
1369,702,1379,702,1379,710,1369,710,4
1432,1312,1446,1312,1446,1330,1432,1330,"
3775,1312,3791,1312,3791,1326,3775,1326,-
1864,1321,3292,1317,3293,1405,1864,1409,DE MAXIMUM THAI EXPRESS SDN BHD
2408,1444,2757,1444,2757,1517,2408,1517,1241045-D
2031,1549,3124,1549,3124,1621,2031,1621,BLK 2, UNIT G1 & G2, BESTARI TERRACE,
2093,1645,3062,1645,3062,1717,2093,1717,LOT PTD 182908 & PTD 143216,
1948,1754,3192,1747,3192,1819,1949,1826,JALAN DANGA, TAMAN NUSA BESTARI, 81300
4783,1754,4795,1754,4795,1763,4783,1763,#
4529,1898,4542,1898,4542,1910,4529,1910,'
2872,2024,2976,2024,2976,2154,2872,2154,8
1822,2040,2496,2040,2496,2124,1822,2124,TAX INVOICE NO
1811,2164,2028,2164,2028,2261,1811,2261,5664
1812,2309,2760,2296,2761,2380,1814,2393,DATE: 14/04/2018 11:28:59 PM
1807,2423,2321,2415,2322,2499,1808,2507,CASHIER: S201
1805,2528,2282,2520,2284,2604,1807,2612,WAITER: ANJO
1145,2576,1166,2584,1154,2619,1133,2612,"1
1828,2635,2340,2625,2342,2722,1830,2732,QTY CODE/DESC
2991,2624,3280,2624,3280,2705,2991,2705,TOTAL RM
2586,2633,2889,2633,2889,2706,2586,2706,UNIT PRICE
1983,2779,2133,2774,2136,2855,1986,2860,D15
3139,2768,3310,2768,3310,2861,3139,2861,8.90
2743,2775,2898,2775,2898,2856,2743,2856,8.90
1985,2886,2464,2882,2465,2966,1986,2970,THAIICE TEA
1985,2971,2172,2971,2172,3055,1985,3055,FR01
2711,2973,2895,2973,2895,3052,2711,3052,12.90
3104,2970,3305,2970,3305,3054,3104,3054,12.90
4517,2973,4535,2973,4535,2989,4517,2989,2
1874,2984,1919,2984,1919,3047,1874,3047,1
1991,3082,2776,3082,2776,3166,1991,3166,BELACAN FRIED RICE
1809,3224,2299,3224,2299,3303,1809,3303,TOTAL AMOUNT :
3097,3215,3305,3215,3305,3305,3097,3305,21.80
1808,3373,2306,3373,2306,3469,1808,3469,ROUNDING ADJ :
3134,3371,3303,3371,3303,3457,3134,3457,0.00
3092,3519,3301,3519,3301,3608,3092,3608,21.80
1806,3526,2276,3526,2276,3610,1806,3610,TOTAL AMOUNT:
1802,3765,2129,3772,2127,3877,1800,3870,TOTAL:
2845,3769,3293,3769,3293,3880,2845,3880,RM 21.80
2920,3922,3268,3926,3267,4006,2919,4002,14/04/2018
1799,3932,2065,3932,2065,4041,1799,4041,TYPE 2
2198,3935,2452,3928,2455,4032,2201,4038,QTY: 2
2017,4154,3090,4146,3090,4230,2018,4238,... XPOSMART WIFIPOS SINCE 1985 ...
3844,4211,3879,4211,3879,4243,3844,4243,5
2731,4389,2780,4389,2780,4411,2731,4411,A
2760,4904,2786,4915,2780,4929,2755,4918,"
3562,5018,3578,5018,3578,5036,3562,5036,4
4027,5086,4043,5078,4049,5089,4033,5097,.
3329,5283,3348,5289,3344,5303,3324,5298,W
2532,5302,2546,5302,2546,5318,2532,5318,∴
2066,5336,2088,5336,2088,5350,2066,5350,-
388,5544,408,5540,411,5556,391,5560,…→
3886,5576,3902,5576,3902,5595,3886,5595,S
3742,5757,3758,5757,3758,5776,3742,5776,•
3324,6088,3342,6088,3342,6104,3324,6104,2
307,6107,329,6107,329,6135,307,6135,I
400,6248,410,6248,410,6257,400,6257,-
3923,6694,3976,6677,3984,6703,3931,6720,HE
2151,6809,2167,6809,2167,6825,2151,6825,8
