2683,1008,3133,979,3145,1160,2695,1189,A04059
799,1352,845,1368,838,1386,793,1370,.ɥ
3633,1391,3649,1391,3649,1408,3633,1408,-
1807,1681,3052,1668,3053,1757,1808,1770,LAVENDER CONFECTIONERY & BAKERY S/B
2057,1772,2772,1762,2773,1840,2058,1849,COMPANY NO: 499702-V
1774,1852,3079,1840,3080,1927,1775,1940,LOT G29 & G30, AEON MA11 TEBRAU CITY,
1987,1940,2871,1931,2872,2015,1988,2024,NO. 1, JALAN DESA TEBRAU,
1776,2024,3079,2012,3080,2096,1776,2109,TAMAN DESA TEBRAU, 8110O JOHOR BAHRU.
2128,2105,2735,2097,2736,2182,2129,2189,TEL : 07-364 3785
2020,2191,2841,2182,2842,2266,2021,2275,GST ID NO: 001872379904
4559,2194,4568,2194,4568,2203,4559,2203,6
2024,2273,2801,2266,2801,2354,2025,2361,TAX INVOICE
2651,2438,3151,2431,3152,2517,2652,2524,B999215
1742,2444,2316,2438,2317,2527,1743,2533,14/04/2018 16:14
2927,2519,3159,2515,3161,2609,2929,2614,AMOUNT
1734,2531,1864,2531,1864,2626,1734,2626,QTY
1985,2529,2419,2529,2419,2615,1985,2615,DESCRIPTIONS
1137,2574,1159,2584,1141,2622,1119,2612,""
2993,2686,3237,2681,3239,2776,2994,2781,6.50 T
1987,2700,2524,2694,2525,2778,1988,2784,EUROPEAN WALNUT
1735,2703,1795,2703,1795,2782,1735,2782,1
691,2747,699,2747,699,2756,691,2756,A
2994,2772,3236,2765,3239,2862,2997,2869,5.80 T
1985,2786,2733,2776,2735,2860,1986,2870,ORANGE PEEL CHOCOLATE
1742,2794,1786,2794,1786,2850,1742,2850,1
1982,2949,2339,2945,2340,3036,1983,3040,TOTAL
2806,2942,3154,2936,3156,3029,2808,3035,12.30
4508,2989,4529,2989,4529,3001,4508,3001,,
2961,3028,3160,3021,3163,3114,2964,3121,20.00
1980,3034,2146,3034,2146,3127,1980,3127,CASH
2859,3110,3158,3106,3159,3199,2860,3203,7.70
1982,3122,2413,3117,2414,3202,1983,3208,CHANGE
2995,3194,3164,3194,3164,3289,2995,3289,0.70
1983,3203,2418,3197,2419,3290,1985,3296,INCL. 6% GST
4670,3240,4686,3240,4686,3255,4670,3255,'
2050,3371,2876,3364,2877,3453,2051,3461,PRICES INCLUSIVE 6% GST
4207,3368,4223,3368,4223,3383,4207,3383,*
4639,3390,4654,3390,4654,3405,4639,3405,4
3031,3533,3167,3539,3163,3632,3027,3626,TAX
1733,3543,2139,3549,2138,3640,1731,3634,GST SUMMARY
2573,3540,2805,3536,2807,3625,2575,3630,AMOUNT
2614,3623,2810,3618,2812,3711,2616,3716,11.60
2995,3622,3162,3622,3162,3710,2995,3710,0.70
1730,3626,1970,3626,1970,3720,1730,3720,T: GST
2638,3705,2811,3700,2814,3795,2641,3800,0.00
2995,3704,3162,3704,3162,3792,2995,3792,0.00
1730,3715,2209,3711,2209,3802,1731,3806,Z: ZERO RATED
1725,3876,1930,3881,1927,3988,1722,3983,SIGN:
2084,3964,2769,3964,2769,4059,2084,4059,WWW.LAVENDER.COM.MY
2258,4050,2624,4046,2625,4139,2259,4143,THANK YOU.
1733,4222,2947,4207,2948,4302,1734,4317,1. ALL SALES ARE FINAL. GOODS SOLD
1837,4312,3107,4302,3108,4385,1838,4394,ARE NOT REFUNDABLE NOR EXCHANGEABLE.
1732,4398,2875,4387,2875,4471,1732,4482,2. OUR PRODUCTS CONTAIN NO ADDED
1837,4483,3116,4471,3117,4553,1838,4566,PRESERVATIVES, PLEASE CONSUME WITHIN
1839,4568,2767,4558,2768,4643,1840,4652,A DAY OR KEEP ACCORDING TO
1843,4650,2862,4643,2863,4727,1843,4734,RECOMMENDATIONS ON PACKAGING.
1728,4734,2973,4725,2974,4809,1729,4818,3. FOR FEEDBACK, PLEASE RETAIN THIS
1841,4815,2939,4815,2939,4902,1841,4902,TAX INVOICE. SEEK STORE MANAGER
1837,4904,2933,4897,2933,4981,1838,4989,ASSISTANCE OR DROP US AN EMAIL.
1732,4990,2908,4981,2909,5065,1732,5075,4. TAX INVOICE CAN ONLY BE ISSUED
1837,5076,3044,5065,3044,5148,1838,5159,ON THE PURCHASE DATE, AMENDMENT IS
1835,5159,2686,5151,2687,5235,1836,5243,NOT ALLOWED ONCE ISSUED.
1728,5324,2554,5316,2555,5406,1729,5413,CSH:C1337 LEE FING TING
1726,5413,2513,5406,2514,5490,1727,5497,POS:TC12 SHF :201804141
373,5544,393,5544,393,5558,373,5558,.
3724,5767,3740,5767,3740,5783,3724,5783,'
285,6109,307,6109,307,6135,285,6135,I
4815,6183,4834,6183,4834,6200,4815,6200,:
375,6246,393,6246,393,6262,375,6262,7
2063,6532,2074,6542,2066,6550,2055,6540,-
3072,6535,3085,6535,3085,6544,3072,6544,,
2126,6814,2144,6814,2144,6828,2126,6828,8
